1* 0 -0.01091503024653342 -0.2445602930897187 0 -0.01091503024653342
-0.5 +1.527251734657642 +0 +0.5 -1.527251734657642 
2 0.5023443048605666 0.5056490555603195 -0.4342046547147265 0.5056490555603195 -0.01458825045396963
+0 +0.9925389654785487 +0 -0.9925389654785487 +0 
3 0.3781610288458583 0.3922409714191369 -0.4487250801302577 0.3781610288458583 0.3922409714191369
+0.03928969262033611 +0.9816458274763791 +0 -0.03928969262033611 -0.9816458274763791 
4* 0.4076139884083096 0.01369877653047487 -0.1917997437124303 0 0
-0.05762281861316153 +1.556948410521132 -0.04143918384870285 +0.5 -0.5 
5* 0 0 -0.4244285453524736 -0.4280537833446032 -0.4280537833446032
-0.5 +0.5 +0 +0.9981071915965045 -0.9981071915965045 
6* 0.7006263415702945 0 -0.3680009502809916 0 0.2776149993327174
+0 +0.5 +0 -0.5 +0 
7* 0 0.1242136575163879 -0.3410531506806928 0.1242136575163879 0
+0.5 +0.4999999962965058 +0 -0.4999999962965058 -0.5 
8* 0.3410531506806928 0 0 -0.1242136575163879 -0.1242136575163879
+0 +0.5 -0.5 +0.4999999962965058 -0.4999999962965058 
9* 0.7808769960167872 0 -0.2002235141709597 0 -0.2002235141709597
+0 +0.5 +0.4999997270818492 -0.5 -0.4999997270818492 
10* 0.8304209407314485 0 -0.03473193760335695 0 0.02530132742467334
+0.1125125515063156 +0.5 +0.03667973124474391 -0.5 -1.533535971912536 
11 0.6944378308557382 0.4914033536853159 -0.8085363275938677 -0.8085363275938677 0.4914033536853159
+0 +0.5006267241198785 +0.5141242438549066 -0.5141242438549066 -0.5006267241198785 
12* 0.3957243039445698 0.02914912425692659 0 -0.01862442472793666 0
-0.05753746681744487 +1.555837522761544 +0.5 -0.03716040250292006 -0.5 
13* -0.0550914875531665 0 0 -0.2500718092200748 -0.0009910693565372834
+3.013904237568327 -0.5 +0.5 -0.06810838588389974 +1.502316969988643 
14* 0.6519591237211194 0 0.2700733288461731 0 0.2700733288461731
+0 +0.5 +0.5000069592487384 -0.5 -0.5000069592487384 
15 0.5817142605753709 0.5806875234736002 -0.002559154565639945 0.5806875234736002 -0.9166926817825168
+0 +0.9900848096805592 +0 -0.9900848096805592 +0 
16 0.4487441878802542 0.4543956541793119 -0.02213111122665327 0.4543956541793119 -0.2009817876336643
+0 +0.9947449148302261 +0 -0.9947449148302261 +0 
17* 0 0.7431405151131966 0 0.7634293572312061 0.02093194604377699
-0.5 +0.681675037656992 +0.5 -0.331424666774412 -1.502528086821718 
18* 0.4244285453524736 0 0.4280537833446032 0 0.4280537833446032
+0 +0.5 +0.9981071915965045 -0.5 -0.9981071915965045 
19 0.681527315222019 0.266348565155962 -0.374274465904282 0.266348565155962 -0.1383745636895705
+0 +0.5000038109466013 +0 -0.5000038109466013 +0 
20 0.6774878130327083 0.3672521243731118 -0.2957431742332851 0.3672521243731118 -0.2957431742332851
+0 +0.5000675944761677 +0.4999950428745377 -0.5000675944761677 -0.4999950428745377 
21* 0.6566497475348715 0.2544440509720974 0.04201728726323435 0 0
+0 +0 +0 +0.5 -0.5 
22* 0.7326123290833198 0 -0.3551795250306096 0.07248933610195907 0
+0 +0.5 +0 +0 -0.5 
23 0.4563043995961321 0.4737496446206067 0.3954634653457159 -0.9417627499354023 0.4737496446206067
+0 +0.9800579556445852 +0 +0 -0.9800579556445852 
24* 0.0550914875531665 0.2500718092200748 0 0 0.0009910693565372834
+3.013904237568327 -0.06810838588389974 +0.5 -0.5 +1.502316969988643 
25* 0.7561615701427902 0 -0.3419657994782769 -0.1078925395657225 0
+0 +0.5 +0 +0 -0.5 
26* 0.8061367766858234 0.1304326540192225 0 0 0.03229973560886127
+0.1109853973199315 +0.03870062951698036 -0.5 +0.5 -1.525807311105771 
27* 0.8594607431081721 0 -0.6946207655218607 -0.6946207655218607 0
+0 +0.5 -0.5081306040612804 +0.5081306040612804 -0.5 
28* 0 0 0 0 0
-0.5 +0.5 +0.6769859365946198 -0.3230139832282226 -1.601885684000143 
29* 0 0 0.1814493092685185 -0.1814493092686037 0
+1.570529125006298 -0.5000000000009676 -0.0414296994545356 -0.04142969945452055 +0.4999999999990324 
30 0.6860051980542488 0.34123959302149 -0.823167310470203 0.34123959302149 -0.1249893846640208
+0 +0.5000347742766461 +0 -0.5000347742766461 +0 
31* 0.7320676692096471 0 -0.8105131452912477 0.2949734843134647 0
+0 +0.5 +0 +0 -0.5 
32* 0 0.7634293572312061 0.02093194604377699 0.7431405151131966 0
+0.5 +0.331424666774412 +1.502528086821718 -0.681675037656992 -0.5 
33* 0.04103941027804493 0.3823842706572012 0 0.1506202591458512 0
+1.545615372456904 -0.05692160086363218 -0.5 -0.04059194796037256 +0.5 
34* 0.03302720572804173 0.3326270786034963 0.7713980078014434 0 0
+1.515145041429136 -0.04920329396373626 -0.1060368751845496 -0.5 +0.5 
35* 0 0 0.3161152462059991 0.3161846710729088 0.0534604136539661
-0.5 +0.5 +0.6842131806894605 -0.3158121312387091 -1.520862144692117 
36* 0.9455958511027115 0 0.0108374093904416 0 0.0108374093904416
+0 +0.5 +1.511155734182327 -0.5 -1.511155734182327 
37* 0.3326270786034963 0.7713980078014434 0.03302720572804173 0 0
+0.04920329396373626 +0.1060368751845496 -1.515145041429136 -0.5 +0.5 
38* 0 0 -0.7808769960167872 0.2002235141709597 0.2002235141709597
-0.5 +0.5 +0 +0.4999997270818492 -0.4999997270818492 
39 0.8187672982981746 0.1251759399347149 -0.5622662617119327 -0.2517110419928212 -0.5622662617119327
+0 +0 +0.5027231828987017 +0 -0.5027231828987017 
40* 0.8105131452912477 0 -0.7320676692096471 -0.2949734843134647 0
+0 +0.5 +0 +0 -0.5 
41* 0.7095001468325325 0 -0.1300766668476344 0.0616287356107355 0
+0 +0.5 +0 +0 -0.5 
42* 0 0.04552748565483872 -0.1027019848362394 0.04552748565483872 0
+0.5 +0.4999999999997813 +0 -0.4999999999997813 -0.5 
43* 0.8516144201077958 0 0.01509146099872599 0 -0.2074319810068628
+0.1126649053509409 +0.5 -1.535673012111958 -0.5 +0.04151883330795297 
44* 0.6783674504984917 0.2655096888783068 -0.1402959431105695 0 0
+0 +0 +0 +0.5 -0.5 
45* 0 0 -0.8594607431081721 0.6946207655218607 0.6946207655218607
-0.5 +0.5 +0 +0.5081306040612804 -0.5081306040612804 
46* 0.4397604954907608 -0.005205005670284772 -0.8745396693119342 0 0
-0.05777197487601058 +1.531128737699832 -0.1122182888188222 +0.5 -0.5 
47 0.7673210511897988 0.1015901601286161 -0.2854067476946319 -0.07732003501066737 -0.699233071040272
+0 +0 +0 +0 +0 
48 0.8974091229178738 0.1666185992688879 -0.6187600536995775 -0.6157943857039588 -0.6157943857039588
+0 +0 +0 +0.9901959655287552 -0.9901959655287552 
49* 0 0 -0.7634293572312061 -0.02093194604377699 -0.7431405151131966
-0.5 +0.5 +0.331424666774412 +1.502528086821718 -0.681675037656992 
50* 0.8745396693119342 0 0 -0.4397604954907608 0.005205005670284772
+0.1122182888188222 +0.5 -0.5 +0.05777197487601058 -1.531128737699832 
51* 0.9079871496317962 0 0 -0.9079871496317962 0
+0.1117673984976576 +0.5 -0.5 +0.1117673984976576 -1.520684170106291 
52 0.7619605602516425 0.750637805203264 -0.9097650631754739 0.750637805203264 -0.9097650631754739
+0 +0.9911421095244634 +0.5205131169785305 -0.9911421095244634 -0.5205131169785305 
53 0.5442760914341916 0.5454854561076881 -0.4236387454002307 0.5454854561076881 -0.1838181550438823
+0 +0.991793608211679 +0 -0.991793608211679 +0 
54 0.4553475516702357 0.4617407056106544 -0.4425558539962611 0.4617407056106544 0.1522825073721944
+0 +0.9931522180966488 +0 -0.9931522180966488 +0 
55 0.7936445031662545 0.23953078683508 -0.4547435543714021 0.2396372195085745 0.23953078683508
+0 +0.9989678970695224 +0 +0 -0.9989678970695224 
56 0.6842977427595609 0.188743896354806 0.188743896354806 -0.3796610484187788 0.04729613663717606
+0 +0.5000001231584819 -0.5000001231584819 +0 +0 
57 0.6868504436828292 0.3907537502809613 0.3907537502809613 -0.3351872019759825 -0.7949343950603074
+0 +0.5001096503112106 -0.5001096503112106 +0 +0 
58 0.823167310470203 0.1249893846640208 -0.34123959302149 -0.6860051980542488 -0.34123959302149
+0 +0 +0.5000347742766461 +0 -0.5000347742766461 
59* 0.4766835675515087 0 0 0.01370383884059883 0.01370383884059883
+0 -0.5 +0.5 +1.519297635383398 -1.519297635383398 
60 0.6573379544379716 0.6522865076199224 -0.3763996160813651 0.6522865076199224 -0.8650654559531191
+0 +0.9902393799790223 +0 -0.9902393799790223 +0 
61 0.6256748314721835 0.623182095671716 -0.4103521436413953 0.623182095671716 -0.4103521436413953
+0 +0.9913828809870782 +0.4999440098144874 -0.9913828809870782 -0.4999440098144874 
62 0.8050803739553319 0.1201392076039193 -0.6290754651468096 -0.6290754651468096 -0.05636519759049985
+0 +0 -0.505143720584281 +0.505143720584281 +0 
63* 0.3419657994782769 0.1078925395657225 -0.7561615701427902 0 0
+0 +0 +0 +0.5 -0.5 
64* 0.9079871496317962 0 -0.9079871496317962 0 0
-0.1117673984976576 +0.5 -0.1117673984976576 +1.520684170106291 -0.5 
65* 0 0.0009685914612000581 0.1487343600944561 0.9967542947877935 0
+0.5 +1.50078594172746 +2.908224477003028 -0.2127181154278023 -0.5 
66* 0 0.1027019848362394 -0.04552748565483872 0 -0.04552748565483872
-0.5 +0 +0.4999999999997813 +0.5 -0.4999999999997813 
67* 0.8745396693119342 0 -0.4397604954907608 0.005205005670284772 0
-0.1122182888188222 +0.5 -0.05777197487601058 +1.531128737699832 -0.5 
68* 0 0 -0.7885433490793081 0.7650323290720904 0.08867491533734717
-0.5 +0.5 +0 +0 +0 
69 0.8035147137325477 0.3254326413399 -0.9504105583343393 0.3267905236722467 0.3254326413399
+0 +0.9994611566072911 +0 +0 -0.9994611566072911 
70 0.6187600536995775 0.6157943857039588 -0.8974091229178738 -0.1666185992688879 0.6157943857039588
+0 +0.9901959655287552 +0 +0 -0.9901959655287552 
71* 0 0.01091503024653342 0.2445602930897187 0.01091503024653342 0
+0.5 +1.527251734657642 +0 -1.527251734657642 -0.5 
72 0.6879738744053281 0.2770769291571089 0.05308739318486059 0.2770769291571089 -0.8379666874297673
+0 +0.5000050053443056 +0 -0.5000050053443056 +0 
73 0.6868721922988816 0.09684687316547198 0.04845577808059545 0.09684687316547198 -0.142653489513117
+0 +0.5000000001139283 +0 -0.5000000001139283 +0 
74 0.7662310606250337 0.1137278708314839 0.08525305395932174 0.09212206512959083 0.08525305395932174
+0 +0 +0.9960113681414623 +0 -0.9960113681414623 
75 0.412672795241945 0.4126586798134264 0.5212598409783062 0.5212598409783062 0.4126586798134264
+0 +1.000040738654429 +2.025535006534681 -2.025535006534681 -1.000040738654429 
76 0.405932543438304 0.4094892308381551 0.02433117148509092 0.02433117148509092 0.4094892308381551
+0 +0.9988258726831835 +0.5 -0.5 -0.9988258726831835 
77 0.3541902434442855 0.3660472781155658 -0.03371788056572775 0.3660472781155658 0.139045957246348
+0 +1.000945831719721 +0 -1.000945831719721 +0 
78* 0 0.02530132742467334 -0.03473193760335695 0 0.8304209407314485
+0.5 +1.533535971912536 -0.03667973124474391 -0.5 -0.1125125515063156 
79* 0.01764522262425549 0 0.07772464716953616 0 0.0003751628458912722
+3.02343746465626 +0.5 -0.05764175879876369 -0.5 +1.502756782521417 
80* 0 -0.004081879321345053 -0.004081879321345053 0 -0.07634258271870884
+0.5 +1.531888590466021 -1.531888590466021 -0.5 +0 
81* 0 -0.01370383884059883 -0.01370383884059883 0 -0.4766835675515087
+0.5 +1.519297635383398 -1.519297635383398 -0.5 +0 
82 0.400174259499802 0.4093122431626695 0.1453643325269341 0.4093122431626695 -0.2071399957138678
+0 +0.996658180441647 +0 -0.996658180441647 +0 
83* 0 0 0 0 0
+0.5 +1.601885684000143 +0.3230139832282226 -0.5 -0.6769859365946198 
84* 0 0.4738278405350034 0.2254270146168478 0 0.4738278405350034
+0.5 +0.5010441432904994 +0 -0.5 -0.5010441432904994 
85 0.5383202079663976 0.539815301108232 0.539815301108232 0.162281604428482 -0.9309985377961233
+0 +0.9894644300079076 -0.9894644300079076 +0 +0 
86* 0 0.004081879321345053 0 0.004081879321345053 0.07634258271870884
+0.5 +1.531888590466021 -0.5 -1.531888590466021 +0 
87 0.7862621279679396 0.1818267708368221 0.1818267708368221 0.1811092148924646 -0.2168926018840628
+0 +0.9991883000764428 -0.9991883000764428 +0 +0 
88* 0.8516144201077958 0 0 0.01509146099872599 -0.2074319810068628
-0.1126649053509409 +0.5 -0.5 +1.535673012111958 -0.04151883330795297 
89* 0.8061367766858234 0 0.1304326540192225 0.03229973560886127 0
-0.1109853973199315 +0.5 -0.03870062951698036 +1.525807311105771 -0.5 
90* 0 0.5966702817844203 0.5966702817844203 0 -0.1622523150250326
+0.5 +0.5040691298923451 -0.5040691298923451 -0.5 +0 
91* 0.09952094980165038 0 0.4924147280095098 0 0.00123844854113286
+2.986984851611894 +0.5 -0.09944120344302755 -0.5 +1.501578175635175 
92 0.7171170158024408 0.08538068162697787 -0.3041236216600491 0.2947727515795215 -0.7366773907053555
+0 +0 +0 +0 +0 
93* 0 0.6390000066504582 -0.3959516273218222 0 0.6390000066504582
+0.5 +0.5056184217946805 +0 -0.5 -0.5056184217946805 
94 0.7573195890383656 0.1061274888372714 -0.7011744680024744 0.3173591031036854 -0.7011744680024744
+0 +0 +0.5084124594837911 +0 -0.5084124594837911 
95 0.6727703012039989 0.0634820578479727 -0.3470988484044096 0.2707701157746861 -0.118897017450811
+0 +0 +0 +0 +0 
96 0.682953773684351 0.07882303066406635 -0.3793065841170529 0.07882303066406635 0.2655952196569766
+0 +0.5000000000095264 +0 -0.5000000000095264 +0 
97* 0.3229411015232458 0.09140976320725065 -0.3362102220408373 0 0
+0 +0 +0 +0.5 -0.5 
98* 0.4206850545808926 0 -0.4206850545808926 0 0
-0.05758391260049089 +0.5 -0.05758391260049089 +1.548094156795946 -0.5 
99 0.6792050548520289 0.05757633866073161 -0.118686465175725 0.2700867180619019 -0.118686465175725
+0 +0 +0.4999999992334392 +0 -0.4999999992334392 
100* 0 0.5503669986872836 0.02154847719427624 0.5503669986872836 0
+0.5 +0.50266962244654 +0 -0.50266962244654 -0.5 
101* 0 0.3957243039445698 0.02914912425692659 0 -0.01862442472793666
+0.5 +0.05753746681744487 -1.555837522761544 -0.5 +0.03716040250292006 
102 0.7490922377737446 0.02083433873162232 0.02095833760772079 0.3239419935988623 0.02095833760772079
+0 +0 -0.9993513937505549 +0 +0.9993513937505549 
103 0.6892252855320271 0.1757695023897193 0.2667650699765594 0.1757695023897193 -0.8442405198090625
+0 +0.5000000437145588 +0 -0.5000000437145588 +0 
104* 0.4924147280095098 0 0.09952094980165038 0.00123844854113286 0
+0.09944120344302755 +0.5 -2.986984851611894 -1.501578175635175 -0.5 
105* 0 0.4076139884083096 0.01369877653047487 0 -0.1917997437124303
+0.5 +0.05762281861316153 -1.556948410521132 -0.5 +0.04143918384870285 
106* 0 0.3823842706572012 0.04103941027804493 0 0.1506202591458512
+0.5 +0.05692160086363218 -1.545615372456904 -0.5 +0.04059194796037256 
107* 0 0.0534604136539661 0.3161152462059991 0.3161846710729088 0
+0.5 +1.520862144692117 -0.6842131806894605 +0.3158121312387091 -0.5 
108 0.699233071040272 0.07732003501066737 -0.7673210511897988 0.2854067476946319 -0.1015901601286161
+0 +0 +0 +0 +0 
109 0.9084144989043529 0.18895323649146 0.1692616286289226 0.18895323649146 0.1692616286289226
+0 +1.497357687476872 +0.5000000001566423 -1.497357687476872 -0.5000000001566423 
110* 0 0.1138377362119819 -0.08020541096938127 -0.3094165174307011 0
+0.5000000000006675 +0 +0 +0 -0.4999999999993325 
111* 0.3551795250306096 0 -0.7326123290833198 0 -0.07248933610195907
+0 -0.5 +0 +0.5 +0 
112* 0 -0.0108374093904416 -0.9455958511027115 0 -0.0108374093904416
-0.5 +1.511155734182327 +0 +0.5 -1.511155734182327 
113 0.9309985377961233 -0.162281604428482 -0.539815301108232 -0.539815301108232 -0.5383202079663976
+0 +0 +0.9894644300079076 -0.9894644300079076 +0 
114 0.8596074428529913 -0.0007034716456884655 -0.6943992201964426 -0.6943992201964426 -0.0007034716456884655
+0 +0.5 -0.5081214663840706 +0.5081214663840706 -0.5 
115 0.8442405198090625 -0.2667650699765594 -0.6892252855320271 -0.1757695023897193 -0.1757695023897193
+0 +0 +0 +0.5000000437145588 -0.5000000437145588 
116 0.6826502470821291 -0.02083132863276015 -0.02083132863276015 -0.1373889018426433 0.2684669056938128
+0 +0.5 -0.5 +0 +0 
117 0.7781193706924864 0.1347982754260694 0.1347982754260694 0.1330603180311428 -0.0432829282758528
+0 +0.9997928364869716 -0.9997928364869716 +0 +0 
118* 0 0.08020541096948923 0.3094165174308206 -0.113837736211873 0
+0.4999999999993481 +0 +0 +0 -0.5000000000006519 
119* 0 0.008356404009321659 -0.01788340088492455 0 -0.1725126289513328
+0.5 +0.03730165478837137 -1.572812465675005 -0.5 +0.04140756513030677 
120 0.7888921997102458 -0.2566775241795953 -0.6028283366776787 0.3325703864976287 -0.6028283366776787
+0 +0 +0.5039981319302729 +0 -0.5039981319302729 
121 0.8364683131493033 -0.2488133335226628 -0.5113442062307915 -0.5113442062307915 -0.04777540347456184
+0 +0 +0.5015098914016201 -0.5015098914016201 +0 
122 1.052595324718376 -0.5841156834034083 -0.5841156834034083 -0.612944802226151 -0.612944802226151
+0 +0.5000364597808999 -0.5000364597808999 +1.481730582865765 -1.481730582865765 
123* 0.3362102220408373 -0.09140976320725065 -0.3229411015232458 0 0
+0 +0 +0 +0.5 -0.5 
124 0.9504105583343393 -0.3254326413399 -0.3267905236722467 -0.8035147137325477 -0.3254326413399
+0 +0.9994611566072911 +0 +0 -0.9994611566072911 
125 0.7949343950603074 -0.3907537502809613 -0.3907537502809613 0.3351872019759825 -0.6868504436828292
+0 +0.5001096503112106 -0.5001096503112106 +0 +0 
126 0.8379666874297673 -0.2770769291571089 -0.2770769291571089 -0.6879738744053281 -0.05308739318486059
+0 +0.5000050053443056 -0.5000050053443056 +0 +0 
127* 0 -0.008356404009321659 0.01788340088492455 0 0.1725126289513328
+0.5 +0.03730165478837137 -1.572812465675005 -0.5 +0.04140756513030677 
128 0.7366773907053555 -0.2947727515795215 -0.08538068162697787 0.3041236216600491 -0.7171170158024408
+0 +0 +0 +0 +0 
129 0.775169288053201 -0.6645057669682517 -0.06282135598988561 0.3256692265990056 -0.6645057669682517
+0 +0.5066486329861463 +0 +0 -0.5066486329861463 
130 0.8650654559531191 -0.6522865076199224 -0.6522865076199224 0.3763996160813651 -0.6573379544379716
+0 +0.9902393799790223 -0.9902393799790223 +0 +0 
131* 0.9967542947877935 0 0.1487343600944561 0.0009685914612000581 0
+0.2127181154278023 +0.5 -2.908224477003028 -1.50078594172746 -0.5 
132* 0 -0.2700733288461731 -0.6519591237211194 0 -0.2700733288461731
-0.5 +0.5000069592487384 +0 +0.5 -0.5000069592487384 
133 0.9417627499354023 -0.4737496446206067 -0.4737496446206067 -0.4563043995961321 -0.3954634653457159
+0 +0.9800579556445852 -0.9800579556445852 +0 +0 
134 0.9166926817825168 -0.5806875234736002 -0.5806875234736002 -0.5817142605753709 0.002559154565639945
+0 +0.9900848096805592 -0.9900848096805592 +0 +0 
135* 0 -0.4738278405346554 -0.4738278405346678 -0.2254270146167571 0
+0.4999999999986589 +0.5010441432910213 -0.5010441432899695 +0 -0.5000000000013412 
136* 0 -0.6390000066504582 -0.6390000066504582 0 0.3959516273218222
+0.5 +0.5056184217946805 -0.5056184217946805 -0.5 +0 
137* 0.4397604954907608 -0.8745396693119342 -0.005205005670284772 0 0
+0.05777197487601058 +0.1122182888188222 -1.531128737699832 -0.5 +0.5 
138* 0 -0.8061367766858234 -0.03229973560886127 0 -0.1304326540192225
+0.5 +0.1109853973199315 -1.525807311105771 -0.5 +0.03870062951698036 
139* 0 -0.4076139884083096 -0.01369877653047487 0 0.1917997437124303
+0.5 +0.05762281861316153 -1.556948410521132 -0.5 +0.04143918384870285 
140* 0 -0.4206850545808926 0 0 0.4206850545808926
+0.5 +0.05758391260049089 -1.548094156795946 -0.5 +0.05758391260049089 
141* 0 -0.3957243039445698 -0.02914912425692659 0 0.01862442472793666
+0.5 +0.05753746681744487 -1.555837522761544 -0.5 +0.03716040250292006 
142* 0 -0.7650323290720904 -0.08867491533734717 0 0.7885433490793081
+0.5 +0 +0 -0.5 +0 
143* 0 -0.3823842706572012 -0.04103941027804493 0 -0.1506202591458512
+0.5 +0.05692160086363218 -1.545615372456904 -0.5 +0.04059194796037256 
144* 0 -0.8304209407314485 -0.02530132742467334 0 0.03473193760335695
+0.5 +0.1125125515063156 -1.533535971912536 -0.5 +0.03667973124474391 
145* 0 -0.7431405151131966 0 -0.7634293572312061 -0.02093194604377699
+0.5 +0.681675037656992 -0.5 -0.331424666774412 -1.502528086821718 
146* 0 -0.8516144201077958 -0.01509146099872599 0 0.2074319810068628
+0.5 +0.1126649053509409 -1.535673012111958 -0.5 +0.04151883330795297 
147* 0.3680009502809916 -0.2776149993327174 -0.7006263415702945 0 0
+0 +0 +0 +0.5 -0.5 
148* 0 -0.1814493092685781 0 0 0.1814493092685781
+0.5 +0.04142969945462481 -1.570529125007473 -0.5 +0.04142969945462481 
149* 0 0 0 0 0
+0.5 -2.848896826747076 -1.500870199635969 -0.5 +1.50982138859715 
150* 0 -0.0534604136539661 0 -0.3161152462059991 -0.3161846710729088
+0.5 -1.520862144692117 -0.5 +0.6842131806894605 -0.3158121312387091 
151* 0 0 -0.5503669986872836 -0.5503669986872836 -0.02154847719427624
+0.5 -0.5 -0.50266962244654 +0.50266962244654 +0 
152* -0.01509146099872599 0 0 -0.8516144201077958 0.2074319810068628
+1.535673012111958 -0.5 +0.5 -0.1126649053509409 -0.04151883330795297 
153* -0.04103941027804493 0 -0.3823842706572012 -0.1506202591458512 0
+1.545615372456904 -0.5 -0.05692160086363218 -0.04059194796037256 +0.5 
154* -0.01764522262425549 0 0 -0.07772464716953616 -0.0003751628458912722
+3.02343746465626 -0.5 +0.5 -0.05764175879876369 +1.502756782521417 
155* 0 0 0 0 0
+2.848896826747076 -0.5 +0.5 -1.50982138859715 +1.500870199635969 
156* -0.01369877653047487 0 0 -0.4076139884083096 0.1917997437124303
+1.556948410521132 -0.5 +0.5 -0.05762281861316153 -0.04143918384870285 
157* -0.01788340088492455 0 0.008356404009321659 -0.1725126289513328 0
+1.572812465675005 -0.5 -0.03730165478837137 -0.04140756513030677 +0.5 
158* 0 0 0 0 0
+5.286321555631885 +0.5 +1.500058234606402 -0.5 +2.570740904524416 
159* -0.02914912425692659 0 0.01862442472793666 -0.3957243039445698 0
+1.555837522761544 -0.5 -0.03716040250292006 -0.05753746681744487 +0.5 
160* 0.01788340088492455 0 0.1725126289513328 -0.008356404009321659 0
+1.572812465675005 -0.5 -0.04140756513030677 -0.03730165478837137 +0.5 
161* -0.03229973560886127 0 -0.8061367766858234 -0.1304326540192225 0
+1.525807311105771 -0.5 -0.1109853973199315 -0.03870062951698036 +0.5 
162* -0.03302720572804173 0 -0.7713980078014434 -0.3326270786034963 0
+1.515145041429136 -0.5 -0.1060368751845496 -0.04920329396373626 +0.5 
163* 0 -0.0534604136539661 -0.3161152462059991 -0.3161846710729088 0
+0.5 +1.520862144692117 -0.6842131806894605 +0.3158121312387091 -0.5 
164 0.5010955852546773 0.5363939007783753 -0.5176900243311337 0.5363939007783753 0.5010955852546773
+0.5000128670294672 +1.490956968709165 +0 -1.490956968709165 -0.5000128670294672 
165* -0.09952094980165038 0 -0.00123844854113286 0 -0.4924147280095098
+2.986984851611894 +0.5 +1.501578175635175 -0.5 -0.09944120344302755 
166* -0.02530132742467334 0 0 -0.8304209407314485 0.03473193760335695
+1.533535971912536 -0.5 +0.5 -0.1125125515063156 -0.03667973124474391 
167* -0.1487343600944561 0 -0.0009685914612000581 -0.9967542947877935 0
+2.908224477003028 +0.5 +1.50078594172746 -0.2127181154278023 -0.5 
168 0.5841156834034083 0.612944802226151 0.612944802226151 0.5841156834034083 -1.052595324718376
+0.5000364597808999 +1.481730582865765 -1.481730582865765 -0.5000364597808999 +0 
169 0.4528340492069933 0.4921646162882053 0.4921646162882053 0.4528340492069933 -0.2689224172645546
+0.5000066564057356 +1.49543356200208 -1.49543356200208 -0.5000066564057356 +0 
170* 0 0.1300766668476344 -0.7095001468325325 0 -0.0616287356107355
+0.5 +0 +0 -0.5 +0 
171 0.7408483754074373 0.08226134615192626 -0.7714895769048467 0.7408483754074373 -0.7714895769048467
+0.5104642817289994 +0 +0.5121545472676269 -0.5104642817289994 -0.5121545472676269 
172 0.5729105909832106 0.04503074705869355 -0.3677359252885375 0.5729105909832106 -0.1360587686070872
+0.5031490070805964 +0 +0 -0.5031490070805964 +0 
173 0.1373889018426433 0.02083132863276015 -0.2684669056938128 0.02083132863276015 -0.6826502470821291
+0 +0.5 +0 -0.5 +0 
174 0.6645057669682517 0.06282135598988561 -0.3256692265990056 -0.775169288053201 0.6645057669682517
+0.5066486329861463 +0 +0 +0 -0.5066486329861463 
175* 0 0.1402959431106146 -0.6783674504984233 -0.2655096888782597 0
+0.5000000000005895 +0 +0 +0 -0.4999999999994105 
176 0.138951746924149 0.169577538991428 -0.6487849890443902 -0.6487849890443902 0.169577538991428
+0 +0.4999999775366816 -0.5058183266868558 +0.5058183266868558 -0.4999999775366816 
177* 0 0.1622523150250326 0 -0.5966702817844203 -0.5966702817844203
+0.5 +0 -0.5 +0.5040691298923451 -0.5040691298923451 
178 0.6237326384574854 0.04749123735693329 -0.2336388579950215 0.6237326384574854 -0.2336388579950215
+0.5047870749209471 +0 -0.4999994311729367 -0.5047870749209471 +0.4999994311729367 
179 0.6290754651468096 0.05636519759049985 -0.8050803739553319 -0.1201392076039193 0.6290754651468096
+0.505143720584281 +0 +0 +0 -0.505143720584281 
180 0.6943992201964426 0.0007034716456884655 -0.8596074428529913 0.6943992201964426 0.0007034716456884655
+0.5081214663840706 +0.5 +0 -0.5081214663840706 -0.5 
181 0.2257825423044812 0.3389844184840121 0.3868295099270763 0.3868295099270763 0.3389844184840121
+0 +0.5000008004912614 +1.492896925623619 -1.492896925623619 -0.5000008004912614 
182 0.7472424912520534 -0.1172742089475446 -0.1173887565393195 0.7472424912520534 -0.1172742089475446
+0.5090201935466276 +1.000164275099045 +0 -0.5090201935466276 -1.000164275099045 
183 0.2071399957138678 -0.1453643325269341 -0.400174259499802 -0.4093122431626695 -0.4093122431626695
+0 +0 +0 +0.996658180441647 -0.996658180441647 
184 0.6487849890443902 -0.169577538991428 -0.169577538991428 -0.138951746924149 0.6487849890443902
+0.5058183266868558 +0.4999999775366816 -0.4999999775366816 +0 -0.5058183266868558 
185 0.6649184309343516 -0.08322611696895808 -0.382808595579039 0.6649184309343516 -0.08322611696895808
+0.5065700929368426 +0.4999999999904845 +0 -0.5065700929368426 -0.4999999999904845 
186 0.2168926018840628 -0.1818267708368221 -0.7862621279679396 -0.1811092148924646 -0.1818267708368221
+0 +0.9991883000764428 +0 +0 -0.9991883000764428 
187 0.1524536174088829 -0.24440172124166 -0.03488718737975644 -0.3566453545649358 -0.3566453545649358
+0 +0 +0 +0.5001033060370435 -0.5001033060370435 
188 0.2112604726175815 -0.346067624988705 -0.346067624988705 -0.3374289983258628 -0.3374289983258628
+0 +0.03907776773390669 -0.03907776773390669 +0.9824091798304803 -0.9824091798304803 
189 0.7948018426667808 -0.2732357240943963 -0.6881907254459482 -0.6881907254459482 0.7948018426667808
+0.5134344187464173 +0 -0.5075746651910951 +0.5075746651910951 -0.5134344187464173 
190 0.142653489513117 -0.09684687316547198 -0.09684687316547198 -0.6868721922988816 -0.04845577808059545
+0 +0.5000000001139283 -0.5000000001139283 +0 +0 
191 0.8085363275938677 -0.4914033536853159 -0.4914033536853159 -0.6944378308557382 0.8085363275938677
+0.5141242438549066 +0.5006267241198785 -0.5006267241198785 +0 -0.5141242438549066 
192 0.5680392936389278 -0.2742869874407825 -0.2742869874407825 0.2485711896279989 0.5680392936389278
+0.5028131459278223 +0.4999974957601455 -0.4999974957601455 +0 -0.5028131459278223 
193 0.2689224172645546 -0.4921646162882053 -0.4528340492069933 -0.4921646162882053 -0.4528340492069933
+0 +1.49543356200208 +0.5000066564057356 -1.49543356200208 -0.5000066564057356 
194 0.7011744680024744 -0.3173591031036854 -0.1061274888372714 0.7011744680024744 -0.7573195890383656
+0.5084124594837911 +0 +0 -0.5084124594837911 +0 
195 0.7714895769048467 -0.7408483754074373 -0.08226134615192626 0.7714895769048467 -0.7408483754074373
+0.5121545472676269 +0.5104642817289994 +0 -0.5121545472676269 -0.5104642817289994 
196* 0 -0.3326270786034963 -0.03302720572804173 0 -0.7713980078014434
+0.5 +0.04920329396373626 -1.515145041429136 -0.5 +0.1060368751845496 
197 0.4103521436413953 -0.623182095671716 -0.623182095671716 0.4103521436413953 -0.6256748314721835
+0.4999440098144874 +0.9913828809870782 -0.9913828809870782 -0.4999440098144874 +0 
198 0.9097650631754739 -0.750637805203264 0.9097650631754739 -0.750637805203264 -0.7619605602516425
+0.5205131169785305 +0.9911421095244634 -0.5205131169785305 -0.9911421095244634 +0 
199 0.6028283366776787 -0.3325703864976287 0.6028283366776787 0.2566775241795953 -0.7888921997102458
+0.5039981319302729 +0 -0.5039981319302729 +0 +0 
200* 0 -0.2544440509720974 -0.6566497475348715 0 -0.04201728726323435
+0.5 +0 +0 -0.5 +0 
201 0.2009817876336643 -0.4543956541793119 -0.4543956541793119 -0.4487441878802542 0.02213111122665327
+0 +0.9947449148302261 -0.9947449148302261 +0 +0 
202 0.1172742089475446 -0.7472424912520534 0.1172742089475446 0.1173887565393195 -0.7472424912520534
+1.000164275099045 +0.5090201935466276 -1.000164275099045 +0 -0.5090201935466276 
203 0.6881907254459482 -0.7948018426667808 -0.7948018426667808 0.2732357240943963 0.6881907254459482
+0.5075746651910951 +0.5134344187464173 -0.5134344187464173 +0 -0.5075746651910951 
204 0.5622662617119327 -0.8187672982981746 0.2517110419928212 0.5622662617119327 -0.1251759399347149
+0.5027231828987017 +0 +0 -0.5027231828987017 +0 
205* 0 -0.1487343600944561 -0.0009685914612000581 -0.9967542947877935 0
+0.5 -2.908224477003028 -1.50078594172746 +0.2127181154278023 -0.5 
206 0.3184455242148501 0.2914739107166367 -0.03589518244115913 0.3184455242148501 0.2914739107166367
+0.02516859833725268 +0.9813755760288023 +0 -0.02516859833725268 -0.9813755760288023 
207 -0.4260842288452875 -0.05840496583210214 -0.3797462501721916 -0.4260842288452875 -0.3797462501721916
+1.497190272340879 +0 -0.5000020330730972 -1.497190272340879 +0.5000020330730972 
208 0.4584040910513705 0.4154761787604783 0.4584040910513705 -0.09543222708359102 0.4154761787604783
+1.49749573414415 +0.5000037994203828 -1.49749573414415 +0 -0.5000037994203828 
209 0.3797462501721916 0.4260842288452875 0.4260842288452875 0.3797462501721916 0.05840496583210214
+0.5000020330730972 +1.497190272340879 -1.497190272340879 -0.5000020330730972 +0 
210 0.346067624988705 0.3374289983258628 0.3374289983258628 0.346067624988705 -0.2112604726175815
+0.03907776773390669 +0.9824091798304803 -0.9824091798304803 -0.03907776773390669 +0 
211 0.3115113059273485 0.239306682771997 0.239306682771997 0.251261987195329 0.1478926860075462
+0 +0.9683362594369225 -0.9683362594369225 +0 +0 
212 0.4327648784744475 0.03833118667764835 -0.38299523464886 0.4327648784744475 0.2436199143168634
+0.5004761277112613 +0 +0 -0.5004761277112613 +0 
213* 0.07772464716953616 0 0.0003751628458912722 0.01764522262425549 0
+0.05764175879876369 +0.5 -1.502756782521417 -3.02343746465626 -0.5 
214 0.5113442062307915 0.04777540347456184 0.2488133335226628 -0.8364683131493033 0.5113442062307915
+0.5015098914016201 +0 +0 +0 -0.5015098914016201 
215 0.3566453545649358 0.03488718737975644 0.24440172124166 -0.1524536174088829 0.3566453545649358
+0.5001033060370435 +0 +0 +0 -0.5001033060370435 
216 0.1383745636895705 -0.266348565155962 -0.266348565155962 -0.681527315222019 0.374274465904282
+0 +0.5000038109466013 -0.5000038109466013 +0 +0 
217 0.1406281465696236 -0.2443743828222175 -0.4960660752540442 -0.4960660752540442 0.3745780921658014
+0 +0 +0.501256019275153 -0.501256019275153 +0 
218* 0 -0.2500718092200748 0 -0.0009910693565372834 -0.0550914875531665
+0.5 +0.06810838588389974 -0.5 -1.502316969988643 -3.013904237568327 
219 0.2336388579950215 -0.6237326384574854 -0.6237326384574854 -0.04749123735693329 0.2336388579950215
+0.4999994311729367 +0.5047870749209471 -0.5047870749209471 +0 -0.4999994311729367 
220 0.1360587686070872 -0.5729105909832106 -0.04503074705869355 -0.5729105909832106 0.3677359252885375
+0 +0.5031490070805964 +0 -0.5031490070805964 +0 
221 0.118686465175725 -0.2700867180619019 -0.6792050548520289 -0.05757633866073161 0.118686465175725
+0.4999999992334392 +0 +0 +0 -0.4999999992334392 
222 0.118897017450811 -0.2707701157746861 -0.6727703012039989 -0.0634820578479727 0.3470988484044096
+0 +0 +0 +0 +0 
223 0.1838181550438823 -0.5454854561076881 -0.5442760914341916 -0.5454854561076881 0.4236387454002307
+0 +0.991793608211679 +0 -0.991793608211679 +0 
224 0.4960660752540442 -0.3745780921658014 -0.1406281465696236 0.4960660752540442 0.2443743828222175
+0.501256019275153 +0 +0 -0.501256019275153 +0 
225* 0 0.0550914875531665 0.0009910693565372834 0 0.2500718092200748
+0.5 -3.013904237568327 -1.502316969988643 -0.5 +0.06810838588389974 
226* 0 -0.01764522262425549 -0.0003751628458912722 0 -0.07772464716953616
+0.5 -3.02343746465626 -1.502756782521417 -0.5 +0.05764175879876369 
227* 0 -0.09952094980165038 -0.00123844854113286 0 -0.4924147280095098
+0.5 -2.986984851611894 -1.501578175635175 -0.5 +0.09944120344302755 
228 -0.09212206512959083 -0.08525305395932174 -0.7662310606250337 -0.1137278708314839 -0.08525305395932174
+0 +0.9960113681414623 +0 +0 -0.9960113681414623 
229 -0.1347982754260694 -0.1330603180311428 -0.1347982754260694 0.0432829282758528 -0.7781193706924864
+0.9997928364869716 +0 -0.9997928364869716 +0 +0 
230 0.3244933728061272 0.2855986558693654 0.2855986558693654 0.3244933728061272 0.4515744139471269
+1.486135435464943 +0.5000001207077413 -0.5000001207077413 -1.486135435464943 +0 
231 0.2957431742332851 -0.3672521243731118 -0.6774878130327083 -0.3672521243731118 0.2957431742332851
+0.4999950428745377 +0.5000675944761677 +0 -0.5000675944761677 -0.4999950428745377 
232 -0.1478926860075462 -0.251261987195329 -0.239306682771997 -0.3115113059273485 -0.239306682771997
+0 +0 +0.9683362594369225 +0 -0.9683362594369225 
233 0.2742869874407825 -0.2485711896279989 -0.5680392936389278 -0.5680392936389278 0.2742869874407825
+0.4999974957601455 +0 +0.5028131459278223 -0.5028131459278223 -0.4999974957601455 
234 0.08322611696895808 -0.6649184309343516 -0.6649184309343516 0.382808595579039 0.08322611696895808
+0.4999999999904845 +0.5065700929368426 -0.5065700929368426 +0 -0.4999999999904845 
235 -0.1692616286289226 -0.18895323649146 -0.1692616286289226 -0.9084144989043529 -0.18895323649146
+0.5000000001566423 +1.497357687476872 -0.5000000001566423 +0 -1.497357687476872 
236 -0.3389844184840121 -0.3868295099270763 -0.3389844184840121 -0.2257825423044812 -0.3868295099270763
+0.5000008004912614 +1.492896925623619 -0.5000008004912614 +0 -1.492896925623619 
237 -0.2855986558693654 -0.4515744139471269 -0.3244933728061272 -0.2855986558693654 -0.3244933728061272
+0.5000001207077413 +0 +1.486135435464943 -0.5000001207077413 -1.486135435464943 
238 -0.02433117148509092 -0.4094892308381551 -0.405932543438304 -0.02433117148509092 -0.4094892308381551
+0.5 +0.9988258726831835 +0 -0.5 -0.9988258726831835 
239 -0.2655952196569766 -0.07882303066406635 -0.07882303066406635 -0.682953773684351 0.3793065841170529
+0 +0.5000000000095264 -0.5000000000095264 +0 +0 
240 -0.1522825073721944 -0.4617407056106544 -0.4553475516702357 0.4425558539962611 -0.4617407056106544
+0 +0.9931522180966488 +0 +0 -0.9931522180966488 
241 -0.139045957246348 -0.3660472781155658 -0.3660472781155658 -0.3541902434442855 0.03371788056572775
+0 +1.000945831719721 -1.000945831719721 +0 +0 
242 -0.4154761787604783 -0.4584040910513705 -0.4154761787604783 -0.4584040910513705 0.09543222708359102
+0.5000037994203828 +1.49749573414415 -0.5000037994203828 -1.49749573414415 +0 
243 -0.02095833760772079 -0.3239419935988623 -0.02083433873162232 -0.02095833760772079 -0.7490922377737446
+0.9993513937505549 +0 +0 -0.9993513937505549 +0 
244 -0.5212598409783062 -0.4126586798134264 -0.412672795241945 -0.5212598409783062 -0.4126586798134264
+2.025535006534681 +1.000040738654429 +0 -2.025535006534681 -1.000040738654429 
245 -0.23953078683508 -0.2396372195085745 -0.7936445031662545 0.4547435543714021 -0.23953078683508
+0.9989678970695224 +0 +0 +0 -0.9989678970695224 
246 -0.5363939007783753 -0.5010955852546773 -0.5010955852546773 0.5176900243311337 -0.5363939007783753
+1.490956968709165 +0.5000128670294672 -0.5000128670294672 +0 -1.490956968709165 
247 -0.2436199143168634 -0.4327648784744475 0.38299523464886 -0.03833118667764835 -0.4327648784744475
+0 +0.5004761277112613 +0 +0 -0.5004761277112613 
248 -0.188743896354806 -0.6842977427595609 -0.188743896354806 0.3796610484187788 -0.04729613663717606
+0.5000001231584819 +0 -0.5000001231584819 +0 +0 
249 -0.2914739107166367 -0.3184455242148501 0.03589518244115913 -0.2914739107166367 -0.3184455242148501
+0.9813755760288023 +0.02516859833725268 +0 -0.9813755760288023 -0.02516859833725268 
250 -0.5056490555603195 -0.5023443048605666 -0.5056490555603195 0.4342046547147265 0.01458825045396963
+0.9925389654785487 +0 -0.9925389654785487 +0 +0 
251 -0.3922409714191369 -0.3781610288458583 -0.3781610288458583 -0.3922409714191369 0.4487250801302577
+0.9816458274763791 -0.03928969262033611 +0.03928969262033611 -0.9816458274763791 +0 
252* 0 0 0 0 0
-2.570740904524416 +0.5 -5.286321555631885 -1.500058234606402 -0.5 