1 0.2782836027346529 0.3222172536063238 -0.6950386270496294 -0.3014687809580768 0.07378929806040563 0.3222172536063238
+0 +0.5000183188581826 +0 +0 +0 -0.5000183188581826 
2 0.2784830592211303 0.4359621864289882 -0.6152703722317758 -0.6152703722317758 0.08013331238444503 0.4359621864289882
+0 +0.5002571383377531 +0.5029956289328321 -0.5029956289328321 +0 -0.5002571383377531 
3 0.4035682670613635 0.2737658609149203 -0.09722070343837826 -0.6857119740973469 -0.2979697175019222 0.4035682670613635
+0.5001460873153836 +0 +0 +0 +0 -0.5001460873153836 
4 0.4883467979201538 0.2781834010071028 -0.08547640584265996 -0.5847002955023752 -0.5847002955023752 0.4883467979201538
+0.5006332345871748 +0 +0 +0.5022252729693287 -0.5022252729693287 -0.5006332345871748 
5 0.2788794263612034 0.5351948843445019 -0.3262519752425326 -0.6967652445651421 -0.3262519752425326 0.5351948843445019
+0 +0.5012122710338037 +0.5000102409267776 +0 -0.5000102409267776 -0.5012122710338037 
6 0.2861120184003204 0.2233633771289699 -0.09911825367918979 -0.7101896545929304 0.07646913561385997 0.2233633771289699
+0 +0.5000004268600449 +0 +0 +0 -0.5000004268600449 
7 0.2794773094605227 0.519954370588421 -0.519954370588421 -0.2794773094605227 -0.519954370588421 0.519954370588421
+0 +0.5009898022420172 +0.5009898022420172 +0 -0.5009898022420172 -0.5009898022420172 
8 0.386936103495055 0.02459330315943852 0 -0.386936103495055 -0.02459330315943852 0
+0 +0 +1.012979809175231 +0 +0 -1.012979809175231 
9 0.3856741398318093 0.01487453031727501 -0.1875983201260628 -0.06882825203826387 -0.07529384594649378 -0.06882825203826387
+0 +0 +0 +1.033541806092174 +0 -1.033541806092174 
10 0.7913713258613974 -0.1856340230021194 -0.3902892897243008 -0.1826998719758897 -0.1856340230021194 0.1528858818430319
+0 +0.9994889377443039 +0 +0 -0.9994889377443039 +0 
11 0.3036814853486995 0.6412782980789686 -0.5295787504421041 -0.5270805806224285 -0.5295787504421041 0.6412782980789686
+0 +0.503350126268393 +0.9966049281876748 +0 -0.9966049281876748 -0.503350126268393 
12 0.7101896545929304 -0.07646913561385997 -0.2233633771289699 -0.2861120184003204 -0.2233633771289699 0.09911825367918979
+0 +0 +0.5000004268600449 +0 -0.5000004268600449 +0 
13 0.7752074566066862 -0.01659721661998227 -0.3015524061087141 -0.3004833092327354 -0.3015524061087141 0.1449778814634596
+0 +0 +1.003952345401683 +0 -1.003952345401683 +0 
14 0.3782451706388507 0.1600095924140727 0.09046134247757387 -0.8109410844671495 0.09046134247757387 0.09176363645907841
+0 +0 +0.9941620726325808 +0 -0.9941620726325808 +0 
15 0.3004833092327354 0.3015524061087141 -0.1449778814634596 -0.7752074566066862 0.01659721661998227 0.3015524061087141
+0 +1.003952345401683 +0 +0 +0 -1.003952345401683 
16 0.5270805806224285 0.5295787504421041 -0.6412782980789686 -0.3036814853486995 -0.6412782980789686 0.5295787504421041
+0 +0.9966049281876748 +0.503350126268393 +0 -0.503350126268393 -0.9966049281876748 
17 0.4656466503632216 0.4694173572442409 -0.7197629853737863 -0.7197629853737863 0.03504460589586909 0.4694173572442409
+0 +0.9980973873329722 +0.5061424025150798 -0.5061424025150798 +0 -0.9980973873329722 
18 0.1737878309640824 0.1676216797080525 -0.1531559209906716 -0.3681181599449803 0.01224289055546468 0.1676216797080525
+0 +0.9993609255366219 +0 +0 +0 -0.9993609255366219 
19 0.3897011631605353 0.04959875487159398 -0.1620669040986669 -0.3784112950639767 0.04959875487159398 0.0515795262589203
+0 +1.002723776310095 +0 +0 -1.002723776310095 +0 
20 0.384905215843542 0.3673080407962918 -0.7522132566398339 -0.7522132566398339 0.384905215843542 0.3673080407962918
+0.01906126703560206 +0.991797190897116 +0.5072938312828711 -0.5072938312828711 -0.01906126703560206 -0.991797190897116 
21 0.3784112950639767 -0.04959875487159398 -0.0515795262589203 -0.3897011631605353 -0.04959875487159398 0.1620669040986669
+0 +1.002723776310095 +0 +0 -1.002723776310095 +0 
22 0.8109410844671495 -0.09046134247757387 -0.09176363645907841 -0.3782451706388507 -0.1600095924140727 -0.09046134247757387
+0 +0.9941620726325808 +0 +0 +0 -0.9941620726325808 
23 0.3681181599449803 -0.01224289055546468 -0.1676216797080525 -0.1737878309640824 -0.1676216797080525 0.1531559209906716
+0 +0 +0.9993609255366219 +0 -0.9993609255366219 +0 
24 0.7996354383177835 -0.004815152541385374 -0.2250554010752875 -0.2075244092485591 -0.1547160662039925 -0.2075244092485591
+0 +0 +0 +1.019577208320932 +0 -1.019577208320932 
25 0.1826998719758897 0.1856340230021194 -0.1528858818430319 -0.7913713258613974 0.1856340230021194 0.3902892897243008
+0 +0.9994889377443039 +0 +0 -0.9994889377443039 +0 
26 0.2418431312056861 0.2434590445751705 -0.7702640606875949 -0.3509995770531922 0.2434590445751705 0.39250241738476
+0 +0.996914679887507 +0 +0 -0.996914679887507 +0 
27 0.386884477645522 0.1391014986011549 -0.8041057625420091 0.003967751326782755 0.1350505363673944 0.1391014986011549
+0 +1.002840742982967 +0 +0 +0 -1.002840742982967 
28 0.3559701598720307 0.3589920324709736 -0.7538934972988194 -0.3413571651417144 0.02129643762655583 0.3589920324709736
+0 +1.002187816663598 +0 +0 +0 -1.002187816663598 
29 0.5424192658294582 0.544556991410994 -0.4581056840203874 -0.7153218806106716 -0.4581056840203874 0.544556991410994
+0 +0.9963916490880019 +0.5001778505240816 +0 -0.5001778505240816 -0.9963916490880019 
30 0.8053403609712772 0.0126461470689729 0 -0.8053403609712772 -0.0126461470689729 0
+0 +0 +1.003316813828515 +0 +0 -1.003316813828515 
31 0.6951720737762843 0.3479184721144704 -0.3479184721144704 -0.6951720737762843 -0.3479184721144704 0.3479184721144704
+0 +0.5000192648563876 +0.5000192648563876 +0 -0.5000192648563876 -0.5000192648563876 
32 0.6967652445651421 0.3262519752425326 -0.5351948843445019 -0.2788794263612034 -0.5351948843445019 0.3262519752425326
+0 +0.5000102409267776 +0.5012122710338037 +0 -0.5012122710338037 -0.5000102409267776 
33 0.696912185315789 0.2880906643964295 -0.08364696090431247 -0.5947232766021677 -0.5947232766021677 0.2880906643964295
+0 +0.5000029899502709 +0 +0.5024708459086081 -0.5024708459086081 -0.5000029899502709 
34 0.4989357767380885 0.5020019643799751 -0.1172519553673785 -0.6928438750653301 -0.6928438750653301 0.5020019643799751
+0 +0.997249687837242 +0 +0.5051523374055597 -0.5051523374055597 -0.997249687837242 
35 0.7153218806106716 0.4581056840203874 -0.544556991410994 -0.5424192658294582 -0.544556991410994 0.4581056840203874
+0 +0.5001778505240816 +0.9963916490880019 +0 -0.9963916490880019 -0.5001778505240816 
36 0.8041057625420091 -0.003967751326782755 -0.1350505363673944 -0.1391014986011549 -0.386884477645522 -0.1391014986011549
+0 +0 +0 +1.002840742982967 +0 -1.002840742982967 
37 0.6941438808330982 0.1895214405414817 -0.09284922784544854 -0.6849249968695944 -0.2954125372010185 0.1895214405414817
+0 +0.500000040141434 +0 +0 +0 -0.500000040141434 
38 0.6950386270496294 0.3014687809580768 -0.07378929806040563 -0.3222172536063238 -0.2782836027346529 -0.3222172536063238
+0 +0 +0 +0.5000183188581826 +0 -0.5000183188581826 
39 0.8174776229221025 0.1036240307191463 0.1037862722490415 -0.7737660091128927 -0.354908189026439 0.1037862722490415
+0 +0 +1.00044253845734 +0 +0 -1.00044253845734 
40 0.8288913255467505 0.2305666867419116 0.230832735627514 -0.7605617417718451 -0.7605617417718451 0.230832735627514
+0 +0 +0.9996705904313648 +0.5074531316811776 -0.5074531316811776 -0.9996705904313648 
41 0.657299305961601 0.2823667245364914 -0.08469443199663652 -0.657299305961601 -0.2823667245364914 0.08469443199663652
+0 +0 +0 +0 +0 +0 
42 0.7934578268344146 -0.04581983436395264 -0.812365609687832 -0.04637451558599203 -0.04581983436395264 0.1569219671673148
+0 +1.000649619799032 +0 +0 -1.000649619799032 +0 
43 0.6782435685891751 0.2946129318674753 -0.07375849242551529 -0.4972078992196308 -0.4972078992196308 0.0953177904081265
+0 +0 +0 +0.5008085697480997 -0.5008085697480997 +0 
44 0.7855895677157291 -0.2536977428382819 -0.2569805257974241 -0.1712193489564754 -0.2536977428382819 0.1500057927147342
+0 +1.010792639158439 +0 +0 -1.010792639158439 +0 
45 0.7538934972988194 0.3413571651417144 -0.02129643762655583 -0.3589920324709736 -0.3559701598720307 -0.3589920324709736
+0 +0 +0 +1.002187816663598 +0 -1.002187816663598 
46 0.3756402428990963 -0.1182650969400721 -0.1875968717314603 -0.1116361965569051 -0.1182650969400721 0.1601230192694133
+0 +1.014624421010433 +0 +0 -1.014624421010433 +0 
47 0.2979697175019222 -0.4035682670613635 -0.4035682670613635 -0.2737658609149203 0.09722070343837826 0.6857119740973469
+0 +0.5001460873153836 -0.5001460873153836 +0 +0 +0 
48 0.812365609687832 0.04637451558599203 0.04581983436395264 -0.1569219671673148 -0.7934578268344146 0.04581983436395264
+0 +0 +1.000649619799032 +0 +0 -1.000649619799032 
49 0.6152703722317758 -0.08013331238444503 -0.4359621864289882 -0.2784830592211303 -0.4359621864289882 0.6152703722317758
+0.5029956289328321 +0 +0.5002571383377531 +0 -0.5002571383377531 -0.5029956289328321 
50 0.6211427800550783 -0.08609601212207403 -0.2290975792594542 -0.697994389469174 -0.2290975792594542 0.6211427800550783
+0.5031840776540804 +0 +0.5000002605262712 +0 -0.5000002605262712 -0.5031840776540804 
51 0.7522132566398339 -0.384905215843542 -0.3673080407962918 -0.384905215843542 -0.3673080407962918 0.7522132566398339
+0.5072938312828711 +0.01906126703560206 +0.991797190897116 -0.01906126703560206 -0.991797190897116 -0.5072938312828711 
52 0.6928438750653301 -0.5020019643799751 -0.4989357767380885 -0.5020019643799751 0.1172519553673785 0.6928438750653301
+0.5051523374055597 +0.997249687837242 +0 -0.997249687837242 +0 -0.5051523374055597 
53 0.5847002955023752 -0.4883467979201538 -0.4883467979201538 -0.2781834010071028 0.08547640584265996 0.5847002955023752
+0.5022252729693287 +0.5006332345871748 -0.5006332345871748 +0 +0 -0.5022252729693287 
54 0.5947232766021677 -0.2880906643964295 -0.696912185315789 -0.2880906643964295 0.08364696090431247 0.5947232766021677
+0.5024708459086081 +0.5000029899502709 +0 -0.5000029899502709 +0 -0.5024708459086081 
55 0.4972078992196308 -0.0953177904081265 -0.6782435685891751 -0.2946129318674753 0.07375849242551529 0.4972078992196308
+0.5008085697480997 +0 +0 +0 +0 -0.5008085697480997 
56 0.7197629853737863 -0.03504460589586909 -0.4694173572442409 -0.4656466503632216 -0.4694173572442409 0.7197629853737863
+0.5061424025150798 +0 +0.9980973873329722 +0 -0.9980973873329722 -0.5061424025150798 
57 0.7386934372115501 -0.4296064117925622 -0.424300104840952 -0.4296064117925622 -0.1938739459970239 0.7386934372115501
+0.5068315601946865 +0.9994132991121498 +0 -0.9994132991121498 +0 -0.5068315601946865 
58 0.1116361965569051 0.1182650969400721 -0.1601230192694133 -0.3756402428990963 0.1182650969400721 0.1875968717314603
+0 +1.014624421010433 +0 +0 -1.014624421010433 +0 
59 0.5601912556632972 -0.08333516794548228 -0.5601912556632972 -0.5601912556632972 0.08333516794548228 0.5601912556632972
+0.5017207109742571 +0 +0.5017207109742571 -0.5017207109742571 +0 -0.5017207109742571 
60 0.1547160662039925 0.2075244092485591 -0.7996354383177835 0.004815152541385374 0.2250554010752875 0.2075244092485591
+0 +1.019577208320932 +0 +0 +0 -1.019577208320932 
61 0.1712193489564754 0.2536977428382819 -0.1500057927147342 -0.7855895677157291 0.2536977428382819 0.2569805257974241
+0 +1.010792639158439 +0 +0 -1.010792639158439 +0 
62 0.07529384594649378 0.06882825203826387 -0.3856741398318093 -0.01487453031727501 0.1875983201260628 0.06882825203826387
+0 +1.033541806092174 +0 +0 +0 -1.033541806092174 
63 0.04750755185938014 0 -0.1864961706191161 -0.04750755185938014 0 0.1864961706191161
+0 +1.063337906490449 +0 +0 -1.063337906490449 +0 
64 0.4013835579983293 0.4047534659445968 -0.1345543726105476 -0.7412618997279169 -0.3350742175490584 0.4047534659445968
+0 +1.000485293444144 +0 +0 +0 -1.000485293444144 
65 0.6780174422473689 0.6762450414055519 -0.6762450414055519 -0.6780174422473689 -0.6762450414055519 0.6762450414055519
+0 +0.9936333912043782 +0.9936333912043782 +0 -0.9936333912043782 -0.9936333912043782 
66 0.7737660091128927 0.354908189026439 -0.1037862722490415 -0.8174776229221025 -0.1036240307191463 -0.1037862722490415
+0 +0 +1.00044253845734 +0 +0 -1.00044253845734 
67 0.763798898498362 0.3469816577600858 -0.3112291189089664 -0.3085862417004136 -0.3112291189089664 -0.1797360767401013
+0 +0 +1.006328462655207 +0 -1.006328462655207 +0 
68 0.6849249968695944 0.2954125372010185 -0.1895214405414817 -0.6941438808330982 -0.1895214405414817 0.09284922784544854
+0 +0 +0.500000040141434 +0 -0.500000040141434 +0 
69 0.7412618997279169 0.3350742175490584 -0.4047534659445968 -0.4013835579983293 -0.4047534659445968 0.1345543726105476
+0 +0 +1.000485293444144 +0 -1.000485293444144 +0 
70 0.7702640606875949 0.3509995770531922 -0.2434590445751705 -0.39250241738476 -0.2418431312056861 -0.2434590445751705
+0 +0 +0.996914679887507 +0 +0 -0.996914679887507 
71 0.7605617417718451 0.7605617417718451 -0.230832735627514 -0.8288913255467505 -0.2305666867419116 -0.230832735627514
-0.5074531316811776 +0.5074531316811776 +0.9996705904313648 +0 +0 -0.9996705904313648 
72 0.697994389469174 0.2290975792594542 -0.6211427800550783 -0.6211427800550783 0.08609601212207403 0.2290975792594542
+0 +0.5000002605262712 +0.5031840776540804 -0.5031840776540804 +0 -0.5000002605262712 
73 0.424300104840952 0.4296064117925622 0.1938739459970239 -0.7386934372115501 -0.7386934372115501 0.4296064117925622
+0 +0.9994132991121498 +0 +0.5068315601946865 -0.5068315601946865 -0.9994132991121498 
74 0.3085862417004136 0.3112291189089664 0.1797360767401013 -0.763798898498362 -0.3469816577600858 0.3112291189089664
+0 +1.006328462655207 +0 +0 +0 -1.006328462655207 
75* 0.7627330631613508 0.1371476052348373 0 -0.2006883238346503 0 0.06934002346866044
+0.1000051729574787 +0.03370861492140831 +0.5 +0.03531753194169229 -0.5 -1.587289629206273 
76* 0.2532630101421847 0.3575022418115657 0 -0.36354768981525 0 0.3575022418115657
+0 +0.5000671972140259 +0.5 +0 -0.5 -0.5000671972140259 
77* 0.8070543972512259 0.1572951296157171 -0.8452627321506673 0 0 0.01455023380140372
+0.09745914888684761 +0.0334273739689858 +0.09817837583982256 +0.5 -0.5 -1.558526779346608 
78* 0.2573159482300309 0.4338728030770422 -0.7777627227717863 0 0 0.4338728030770422
+0 +0.5003120918906026 +0 +0.5 -0.5 -0.5003120918906026 
79* 0.7185335016958678 0.09653499564121541 -0.6730711535168934 -0.2837528510890696 0 0
+0 +0 +0 +0 +0.5 -0.5 
80* 0 0.8512650692923502 -0.3158666332484289 -0.3158950912904754 -0.0392294875896719 0
+0.5 +0.07836060916385886 +0.6658430196570678 -0.3341655705833393 -1.582255486871234 -0.5 
81* 0.7812825307690603 0.1451379007014637 -0.4203752890806849 0 0 0.03870616655443573
+0.09857342536032264 +0.03343925568186799 +0.04950269053682435 +0.5 -0.5 -1.583492646044311 
82* 0.2784108867027773 0.5390648787741268 0 0 0.06292826193950475 0.541898681673228
+0.01969866154633516 +0.7176786940994604 +0.5 -0.5 -1.479404366798965 -0.2773938609867495 
83* 0 0.3500615677436368 -0.5023140825957406 -0.5023140825957406 0.1268314876735246 0
+0.5 +0 +0.5009666044020161 -0.5009666044020161 +0 -0.5 
84* 0.9032443727278102 0 -0.7329930051724343 -0.747712566711196 -0.02154019490393344 0
+0.09097438334667461 +0.5 +0.6667001269439109 -0.3412361177860214 -1.520800762763249 -0.5 
85* 0 0 0 0 -0.1729148195141337 0.1729148195141337
-0.5 +0.5 -0.03051379665076087 +1.701019495530006 -0.03408978673663914 -0.03408978673663914 
86* 0 0.3445480545012051 -0.05817471644447134 -0.6297823133921146 -0.2598598059001986 0
+0.5 +0 +0 +0 +0 -0.5 
87* 0.3587725371967061 0 -0.04771008309502947 -0.4512502599301729 -0.4512502599301729 0
+0 +0.5 +0 +0.5004603648836973 -0.5004603648836973 -0.5 
88* 0.3850195467568396 0.1628247444019886 0 -0.4057445181969572 0 0.03311441927539418
+0.04882174159487451 +0.03418303664534236 +0.5 +0.04868377562311041 -0.5 -1.63539186740635 
89* 0.363668606142677 0 -0.1767436338630381 -0.6597221143645086 -0.1767436338630381 0
+0 +0.5 +0.5000000430861815 +0 -0.5000000430861815 -0.5 
90* 0.8280950603770615 0 0 -0.8280950603770615 0 0
+0.09826492150239084 +0.03076738002029324 +0.5 +0.09826492150239084 -0.5 -1.562892500223388 
91** 0.7003461585874279 0.0883096423430603 -0.0883096423430603 -0.7003461585874279 0 0
+0 +0 +0 +0 +0.5 -0.5 
92* 0 0.3224784289148227 -0.07492994721395545 -0.6745898162182527 0.1044302546844727 0
+0.5 +0 +0 +0 +0 -0.5 
93* 0.2739885233429263 0 0 -0.001944683282494247 -0.9525101052046248 -0.2166711300785914
-0.05856473440919657 -0.5 +0.5 +1.504090881621509 -0.184811763976808 +3.33458255097035 
94* 0 0 -0.001288544189869235 -0.2305955880232626 -1.036713479177978 -0.008506323397353967
-0.5 +0.5 +1.50078549832532 +3.00188172195978 -0.08293178836143093 -1.507497974513548 
95* 0.2350570749236707 0 0.004752883500048702 0.1407931445352996 0.06378708395108423 0
-0.05835727350186912 +0.5 +1.508812179073126 +3.519021495146511 -0.04929833011268911 -0.5 
96* 0.2083947539626451 0 0 -0.07729247167316659 -0.3311645338287573 -0.7318177810049754
-0.03583996454473831 +0.5 -0.5 +1.558852059688676 -0.04470428627145803 -0.09633022120995066 
97* 0.2507558896726271 0 0 -0.2507558896726271 0 0
-0.05892972962316165 -0.5 +0.5 -0.05892972962316165 +1.508902908893674 +3.512392732807082 
98* 0.2428507964421698 0 0.002406460114962158 -0.08502352564501924 0.07353989523077063 0
-0.05879815133119497 +0.5 +1.509575242232667 -0.04973146630780975 +3.52379882410771 -0.5 
99 0.4856212420298697 0.1062905656867238 0.1203349318297041 -0.9388722370627255 0.1062905656867238 0.1203349318297041
+0 +0.5000000000003672 +1.530445021512995 +0 -0.5000000000003672 -1.530445021512995 
100* 0.4934636084352462 0 -0.005159138887548395 -0.9199368864404403 -0.005159138887548395 0
+0 +0.5 +1.530542609603139 +0 -1.530542609603139 -0.5 
101* 0.3158950912904754 0 0.0392294875896719 -0.8512650692923502 0.3158666332484289 0
+0.3341655705833393 +0.5 +1.582255486871234 -0.07836060916385886 -0.6658430196570678 -0.5 
102* 0.7921877945725673 0.02598803351424214 0.02598803365693826 0 0 0.1141093411635502
+0.07393559823381728 -0.3331537417756113 +0.6668462739723113 +0.5 -0.5 -1.612968223105499 
103* 0.4585522403889277 0 0.03061117368565761 -0.09035897621395116 0 0.03061117368565761
+0 +0.5 +1.55781334946037 +0 -0.5 -1.55781334946037 
104* 0.2204537809846975 0 0.1419524073820909 -0.02731912827751041 0 0.2204614562014151
+0.3049195893940238 +0.5 +1.675036561835425 -0.01189454595796463 -0.5 -0.6950752349516637 
105** 0 0.6620239184153351 -0.6620239184153351 -0.6620239184153351 0.6620239184153351 0
+0.5 +0.5045174233098803 +0.5045174233098803 -0.5045174233098803 -0.5045174233098803 -0.5 
106* 0.6597221143645086 0.1767436338630381 -0.363668606142677 0 0 0.1767436338630381
+0 +0.5000000430861815 +0 +0.5 -0.5 -0.5000000430861815 
107* 0.7840371486525753 0 -0.1936445063579617 -0.02187982463466489 0.04763349972182415 0
+0.1003642378727785 +0.5 +0.03507333129674747 +0.03109336932185077 -1.603859328353948 -0.5 
108* 0 0.3965525177955195 -0.1403209611261957 0.04245123684904586 0.3965525177955195 0
+0.5 +0.5001767116979976 +0 +0 -0.5001767116979976 -0.5 
109* 0.9727326630530865 0 -0.5115514751533429 0.0007172579565403758 0 0.1299159844698316
+0.18439352855511 +0.5 +0.0861059695589925 -1.503462920990425 -0.5 -3.31370201760848 
110* 0 0.7318177810049754 -0.2083947539626451 0.3311645338287573 0 0.07729247167316659
+0.5 +0.09633022120995066 +0.03583996454473831 +0.04470428627145803 -0.5 -1.558852059688676 
111* 0.00588154371334734 0 0.1406045170360554 0.0009055595475140934 0.0456122100783198 0
+1.523893415183011 +0.5 +0.01601053200934159 -1.503341164654857 -3.163405418759457 -0.5 
112* 0.2281357382727192 0 0 -0.05514796015324216 -0.6722182724676409 -0.6607685161345663
-0.03213159931873141 +0.5 -0.5 +1.520657471358835 +0.3204423987676178 -0.6808144324732398 
113* 0.1936445063579617 0 -0.04763349972182415 0.02187982463466489 -0.7840371486525753 0
-0.03507333129674747 +0.5 +1.603859328353948 -0.03109336932185077 -0.1003642378727785 -0.5 
114* 0.5581082564870266 0 0 -0.1122700418802572 -0.7496105325389589 0.5581082564870266
+0.5018502312875708 -0.5 +0.5 +0 +0 -0.5018502312875708 
115* 0.6901896167156432 0.3518821252207783 0 0 0.05905878633122479 0.3516736353314072
+0.03300637243560919 +0.708330594983602 -0.5 +0.5 -1.468829749385243 -0.291701589410416 
116* 0.5298804177818831 0.4798191901453144 0.02314278584395891 0 0 0.4797193146156294
+1.372810810012995 +0.3533974373806011 -1.479546457061293 -0.5 +0.5 -0.6467254294485979 
117* 0.7143077451460385 0 -0.0424344706446395 0.3225347063144771 0.09714870808864129 0
+0.0969096575576371 +0.5 +0.03225696185059484 +0.04539199749742469 -1.541658630619702 -0.5 
118* 0.6574422452351177 0.1050046008148729 -0.1371272061641934 0 0 0.1050046008148729
+0 +0.5000000001882767 +0 +0.5 -0.5 -0.5000000001882767 
119* 0.8024363317578912 0 -0.4108313878802117 -0.01345772441845291 0.01808558387959482 0
+0.09904773969938628 +0.5 +0.04937711556282599 +0.03093966239406311 -1.593621512456169 -0.5 
120* 0 0.4512502599301729 -0.3587725371967061 0.04771008309502947 0.4512502599301729 0
+0.5 +0.5004603648836973 +0 +0 -0.5004603648836973 -0.5 
121* 0 0.7501285269038164 -0.4301455826442837 0.340651239630802 0 0.05006285018687882
+0.5 +0.09504635558273658 +0.04985694857617061 +0.04402944299536927 -0.5 -1.561979369153455 
122* 0.3750043764295205 0.07630315162562193 0.1547770953145863 -0.1881746234045828 0 0
-0.04926956000344621 +1.64996302979042 -0.03426770665003658 -0.03434352267505986 -0.5 +0.5 
123* 0.2849693410163227 0 0 -0.140986684849367 0.254263386259404 0.2849693410163227
+0.5000090484343037 +0.5 -0.5 +0 +0 -0.5000090484343037 
124* 0.1881746234045828 0 0 -0.3750043764295205 -0.07630315162562193 -0.1547770953145863
-0.03434352267505986 -0.5 +0.5 -0.04926956000344621 +1.64996302979042 -0.03426770665003658 
125* 0.260164208783473 0 -0.001683342873473601 -0.4820709447521236 -0.09186803912032179 0
-0.05880092064680272 +0.5 +1.506922154476575 -0.08586699605810684 +3.471940227841716 -0.5 
126* 0 0.7329930051724343 -0.9032443727278102 0.02154019490393344 0 0.747712566711196
+0.5 +0.6667001269439109 +0.09097438334667461 -1.520800762763249 -0.5 -0.3412361177860214 
127* 0 0.7755583620276649 -0.8622733731069718 0.3542943447398157 0 0.02428760608898096
+0.5 +0.09384176267447883 +0.09803375053461079 +0.04363697898182347 -0.5 -1.546059225100459 
128* 0.7447637171047643 0.1303864690402488 0 0 -0.03490916268069833 0.09539420548950524
+0.1008844309487054 +0.03411955814591054 +0.5 -0.5 +0.03167906945202464 -1.57418818826612 
129* 0.656509663432016 0.01770637431670127 0 0 0.05274306057120124 0.01770637431670127
+0 +0.5 +0.5 -0.5 +0 -0.5 
130* 0 0.333196696458216 -0.6480746076872026 -0.269359665434476 0.1130045889199259 0
+0.5 +0 +0 +0 +0 -0.5 
131* 0.8622733731069718 0 -0.7755583620276649 -0.3542943447398157 -0.02428760608898096 0
+0.09803375053461079 +0.5 +0.09384176267447883 +0.04363697898182347 -1.546059225100459 -0.5 
132* 0 0.5949264562574094 -0.7229054432562388 -0.3122339963094561 0.5949264562574094 0
+0.5 +0.5026529045133649 +0 +0 -0.5026529045133649 -0.5 
133* 0.8936788259095793 0.1945913115397708 0 0 0.004766875753532467 0.3937759830507611
+0.1804640883436642 +0.05187087545075995 +0.5 -0.5 -1.50186850979847 -3.295653909358725 
134* 0.2618334537322806 0.1826373132346225 0 0 0.04725213778762936 0.1826373132346225
+0 +0.50000010732014 +0.5 -0.5 +0 -0.50000010732014 
135* 0.1810935752312001 0 -0.04012714828188003 0.008364735470673746 -0.3861286752426459 0
-0.03425709267411776 +0.5 +1.667562057266363 -0.03069043677746415 -0.0490840947992756 -0.5 
136* 0.4457409420195838 0 0 0.005226392156172619 0.344413098336722 0.4453904502576234
+0.271598261521441 -0.5 +0.5 +1.500890897798723 +3.334106989754971 -0.7288246430761077 
137* 0 0 0 0 0 0
+0.5 +1.500005312221189 +2.519414396119157 +4.19715790536215 +11.73181911802066 -0.5 
138* 0.1371272061641934 0 0 -0.1050046008148729 -0.6574422452351177 -0.1050046008148729
+0 -0.5 +0.5 +0.5000000001882767 +0 -0.5000000001882767 
139* 0.1434625953133222 0 8.172193049623303e-005 0 0.01060951802825878 0.1049145105733078
-0.06458754574272853 -0.5 +1.500300847882672 +0.5 +2.652688478976923 +6.731667051021659 
140* 0.8452627321506673 0 -0.1572951296157171 -0.8070543972512259 -0.01455023380140372 0
+0.09817837583982256 +0.5 +0.0334273739689858 +0.09745914888684761 -1.558526779346608 -0.5 
141* 0.3861286752426459 -0.008364735470673746 0 0 -0.1810935752312001 0.04012714828188003
+0.0490840947992756 +0.03069043677746415 +0.5 -0.5 +0.03425709267411776 -1.667562057266363 
142* 0.766541275796114 -0.05767969489401742 -0.5135491285536539 -0.5135491285536539 0 0
+0 +0 +0.5010994556407388 -0.5010994556407388 +0.5 -0.5 
143* 0 0.36354768981525 -0.3575022418115657 -0.2532630101421847 -0.3575022418115657 0
+0.5 +0 +0.5000671972140259 +0 -0.5000671972140259 -0.5 
144* 0.6674654493469424 0.2501467555824878 -0.782573583676233 0 0 0.2501467555824878
+0 +0.5000012750700684 +0 +0.5 -0.5 -0.5000012750700684 
145* 0 0.5135491285536539 -0.766541275796114 0.05767969489401742 0.5135491285536539 0
+0.5 +0.5010994556407388 +0 +0 -0.5010994556407388 -0.5 
146* 0.1994776855110903 0 0 -0.1129930975081676 -0.2542913552260196 -0.254288547281842
-0.01978577102390682 -0.5 +0.5 +1.664758409772982 +0.3165738795231725 -0.6834127482963036 
147* 0 0 -0.001545174971511003 -0.3061347003338049 -0.09623715063984573 -0.01009498117559869
-0.5 +0.5 +1.502648243120638 -0.02011842171608757 +3.149066989351725 -1.519352314078543 
148* 0 -0.0001381028452709261 -0.02217538019902546 -0.3137384792399957 -0.2260830317133166 0
+0.5 +1.500235696583845 +2.648315505255374 -0.08015813207690829 +6.704887408311596 -0.5 
149* 0.2006883238346503 0 0 -0.06934002346866044 -0.1371476052348373 -0.7627330631613508
-0.03531753194169229 -0.5 +0.5 +1.587289629206273 -0.03370861492140831 -0.1000051729574787 
150* 0 0 -0.03476315461364457 -0.3864551803251088 -0.8109331163325 -0.03476315461364457
-0.5 +0.5 +1.507485307290083 +0 +0 -1.507485307290083 
151* 0.9727326630530865 0.0007172579565403758 0 0.1299159844698316 0 -0.5115514751533429
-0.18439352855511 +1.503462920990425 +0.5 +3.31370201760848 -0.5 -0.0861059695589925 
152* 0.467802227690427 -0.2534928275602582 0 0.01405895931717091 0 0.01405895931717091
+0 +0 +0.5 +1.557442272787665 -0.5 -1.557442272787665 
153* 0.7447637171047643 -0.03490916268069833 0 0.09539420548950524 0 0.1303864690402488
-0.1008844309487054 -0.03167906945202464 +0.5 +1.57418818826612 -0.5 -0.03411955814591054 
154 0.4717271720195944 -0.05483439600661502 -0.2509486733635148 -0.05555485332142481 -0.05483439600661502 -0.05555485332142481
+0 +0.5000000000000003 +0 +1.559122025830833 -0.5000000000000003 -1.559122025830833 
155* 0.7143077451460385 0 -0.0424344706446395 0.09714870808864129 0 0.3225347063144771
-0.0969096575576371 +0.5 -0.03225696185059484 +1.541658630619702 -0.5 -0.04539199749742469 
156* 0.2542913552260196 0 -0.1994776855110903 0.1129930975081676 0 0.254288547281842
+0.3165738795231725 +0.5 -0.01978577102390682 +1.664758409772982 -0.5 -0.6834127482963036 
157* 0.4484817172219708 0.0556022779051105 0.04491582889423051 0 0 0.04491582889423051
+0 +0 +1.549610773390206 +0.5 -0.5 -1.549610773390206 
158* 0.5406227622871537 0 -0.1672963796736249 0 -0.1672963796736249 0.5406227622871537
+0.5015267669061719 -0.5 +0.4999999853763493 +0.5 -0.4999999853763493 -0.5015267669061719 
159* 0.541898681673228 0.2784108867027773 0 0.06292826193950475 0 0.5390648787741268
+0.2773938609867495 -0.01969866154633516 +0.5 +1.479404366798965 -0.5 -0.7176786940994604 
160* 0 0 -0.1685648278891809 -0.1675581707140804 -0.1675581707140804 -0.1685648278891809
-0.5 +0.5 +1.676504125728452 +0.5000000010878727 -0.5000000010878727 -1.676504125728452 
161* 0.3994775382527115 0.175125011822007 0 -0.8199026535034031 0 0.004834455722489984
+0.0490609536788599 +0.0345359997932603 +0.5 +0.09851983781575646 -0.5 -1.590715966245853 
162** 0.4781191178586544 0 0 -0.4781191178586544 0 0
+0 +0.5 +1.547617992727387 +0 -0.5 -1.547617992727387 
163* 0.5023140825957406 0 -0.1268314876735246 -0.3500615677436368 0 0.5023140825957406
+0.5009666044020161 -0.5 +0 +0 +0.5 -0.5009666044020161 
164* 0 0 -0.1498900684464136 -0.1630571807477282 -0.1630572951640153 -0.1558722981222791
-0.5 +0.5 +0.00686369866595375 +0.7044472957812814 -0.2955561215374312 -1.67623319891165 
165* 0.6745898162182527 0 0 -0.3224784289148227 -0.1044302546844727 0.07492994721395545
+0 -0.5 +0.5 +0 +0 +0 
166* 0.9032443727278102 0 -0.02154019490393344 -0.747712566711196 -0.7329930051724343 0
-0.09097438334667461 +0.5 +1.520800762763249 +0.3412361177860214 -0.6667001269439109 -0.5 
167* 0.7496105325389589 0 0 -0.5581082564870266 -0.5581082564870266 0.1122700418802572
+0 -0.5 +0.5 +0.5018502312875708 -0.5018502312875708 +0 
168* 0.2819404044213709 0 0.07453162499743957 -0.4230396480609298 0 0.2819241511849226
+0.3257209778690102 +0.5 +1.636370126455993 -0.03453487951737955 -0.5 -0.6742694791970865 
169* 0 0.02731912827751041 -0.2204614562014151 -0.2204537809846975 0 -0.1419524073820909
+0.5 +0.01189454595796463 +0.6950752349516637 -0.3049195893940238 -0.5 -1.675036561835425 
170* 0.8452627321506673 0 -0.01455023380140372 -0.8070543972512259 -0.1572951296157171 0
-0.09817837583982256 +0.5 +1.558526779346608 -0.09745914888684761 -0.0334273739689858 -0.5 
171* 0 -8.172193049623303e-005 -0.1434625953133222 -0.01060951802825878 -0.1049145105733078 0
+0.5 +1.500300847882672 -0.06458754574272853 +2.652688478976923 +6.731667051021659 -0.5 
172* 0 0.767517225046804 0.01999781264237935 0.01999781264237935 0.767517225046804 0
+0.5 +0.5061188241350458 +1.496623563408369 -1.496623563408369 -0.5061188241350458 -0.5 
173* 0.4797193146156294 0 0.02314278584395891 0.5298804177818831 0 0.4798191901453144
+0.6467254294485979 +0.5 +1.479546457061293 -1.372810810012995 -0.5 -0.3533974373806011 
174* 0 0 0 0 0 0
-0.5 +0.5 +0.5785894503265179 +1.812933491342406 -1.367087316234672 -0.4214105496730292 
175* 0.3061347003338049 0 0.001545174971511003 0.09623715063984573 0.01009498117559869 0
-0.02011842171608757 +0.5 +1.502648243120638 +3.149066989351725 -1.519352314078543 -0.5 
176* 0 0 -0.04886978912705666 -0.2495687194887431 -0.6116812178739897 0.132128891410016
-0.5 +0.5 +0 +0 +0 +0 
177* 0 0 -0.06292826193950475 -0.2784108867027773 -0.541898681673228 -0.5390648787741268
-0.5 +0.5 +1.479404366798965 -0.01969866154633516 +0.2773938609867495 -0.7176786940994604 
178* 0 0 -0.003279175964353525 -0.282020596208967 -0.934863041109731 0.1069695392602321
-0.5 +0.5 +1.503957548551177 +3.333553436919548 -0.1845661002875894 -0.04851879052637089 
179* 0 0 -0.0001064036222526347 -0.04817891528896998 -1.100055232405387 -0.6717477808598816
-0.5 +0.5 +1.500064652937473 +2.611423751596374 -0.2695931970835315 +6.39989048427833 
180* 0 0 -0.06815776646582342 -0.6030372783875615 -0.5956298953023945 -0.09335888396180637
-0.5 +0.5 +1.492642653940502 +0.2997992565158714 -0.6972253471107863 -0.02497888164436403 
181* 0.4108313878802117 0.01345772441845291 -0.01808558387959482 -0.8024363317578912 0 0
-0.04937711556282599 -0.03093966239406311 +1.593621512456169 -0.09904773969938628 +0.5 -0.5 
182* 0 0 0.0001381028452709261 0.02217538019902546 0.2260830317133166 0.3137384792399957
-0.5 +0.5 +1.500235696583845 +2.648315505255374 +6.704887408311596 -0.08015813207690829 
183* 0 0 0 0 0 0
-0.5 +0.5 +1.500085258272385 +2.596173380514931 +5.987946332481148 -1.506534834752622 
184* 0 0 -0.006411961671179798 -0.2142002524725256 -0.2927708334798634 -0.4483446804405716
-0.5 +0.5 +1.504248755694328 -0.05552591043558607 +3.447560300169815 -0.08261676951517288 
185* 0 0 -0.005226392156172619 -0.4457409420195838 -0.344413098336722 -0.4453904502576234
-0.5 +0.5 +1.500890897798723 +0.271598261521441 +3.334106989754971 -0.7288246430761077 
186* 0 0 -0.003723372059810469 -0.4716558086395458 -0.1636197855182686 0.0937788990633369
-0.5 +0.5 +1.507058898194662 -0.08543289448953578 +3.47865535181947 -0.04928575206603474 
187* 0 0 -0.05905878633122479 -0.3516736353314072 -0.6901896167156432 -0.3518821252207783
-0.5 +0.5 +1.468829749385243 +0.291701589410416 -0.03300637243560919 -0.708330594983602 
188* 0 0 -0.002406460114962158 -0.07353989523077063 -0.2428507964421698 0.08502352564501924
-0.5 +0.5 +1.509575242232667 +3.52379882410771 -0.05879815133119497 -0.04973146630780975 
189* 0 0 -0.006336383383233348 -0.1156161222898756 -0.1323717184880124 -0.132372601423476
-0.5 +0.5 +1.508891809876545 +3.443776671392954 +0.2765048012083503 -0.7234950676736974 
190* 0.8665333357065327 0.03417221768782746 0.04089963278209461 0.03417221768782746 0 0
+0 +1.527720065831175 +0 -1.527720065831175 -0.5 +0.5 
191* 0.6030372783875615 0.09335888396180637 0 0 0.06815776646582342 0.5956298953023945
+0.2997992565158714 -0.02497888164436403 +0.5 -0.5 +1.492642653940502 -0.6972253471107863 
192** 0.3069416034455822 0 -0.09083103807287882 -0.3069416034455822 0.09083103807287882 0
+0 +0.5 +0 +0 +0 -0.5 
193* 0.8199026535034031 0 -0.175125011822007 -0.3994775382527115 -0.004834455722489984 0
+0.09851983781575646 +0.5 +0.0345359997932603 +0.0490609536788599 -1.590715966245853 -0.5 
194* 0.7318177810049754 0 0.07729247167316659 -0.2083947539626451 0 0.3311645338287573
-0.09633022120995066 +0.5 +1.558852059688676 -0.03583996454473831 -0.5 -0.04470428627145803 
195* 0.4716558086395458 0 -0.0937788990633369 0.003723372059810469 0 0.1636197855182686
+0.08543289448953578 +0.5 +0.04928575206603474 -1.507058898194662 -0.5 -3.47865535181947 
196* 0 0 0 0 0 0
+0.4214105496730292 +1.367087316234672 +0.5 -0.5 -0.5785894503265179 -1.812933491342406 
197* 0.8622733731069718 0 0 -0.02428760608898096 -0.3542943447398157 -0.7755583620276649
-0.09803375053461079 +0.5 -0.5 +1.546059225100459 -0.04363697898182347 -0.09384176267447883 
198* 0.782573583676233 0 -0.2501467555824878 0 -0.6674654493469424 -0.2501467555824878
+0 +0.5 +0.5000012750700684 -0.5 +0 -0.5000012750700684 
199* 0.9525101052046248 0.001944683282494247 0 0.2166711300785914 -0.2739885233429263 0
-0.184811763976808 +1.504090881621509 +0.5 +3.33458255097035 -0.05856473440919657 -0.5 
200* 0.8512650692923502 -0.0392294875896719 0 -0.3158950912904754 -0.3158666332484289 0
-0.07836060916385886 +1.582255486871234 +0.5 +0.3341655705833393 -0.6658430196570678 -0.5 
201* 0.7755583620276649 0 0 0.02428760608898096 -0.8622733731069718 0.3542943447398157
-0.09384176267447883 -0.5 +0.5 +1.546059225100459 -0.09803375053461079 -0.04363697898182347 
202* 0.9164726776402168 0.00432502812330204 0 0.3385087390618011 0 0.03953730695602116
-0.1834036640784795 +1.503135318571555 +0.5 +3.320652599652603 -0.5 -0.04668397033884041 
203* 1.036713479177978 0.001288544189869235 0 0.2305955880232626 0 0.008506323397353967
-0.08293178836143093 +1.50078549832532 +0.5 +3.00188172195978 -0.5 -1.507497974513548 
204* 0.8587080247357802 0 0.004433132061281742 0.4551398151002586 0 0.3979890416420597
-0.1725673263731783 +0.5 +1.500528367083734 +3.248645725029719 -0.5 -0.06922335370483637 
205* 0 -0.02598803351424214 -0.02598803365693826 -0.7921877945725673 0 -0.1141093411635502
+0.5 -0.3331537417756113 +0.6668462739723113 +0.07393559823381728 -0.5 -1.612968223105499 
206 0.4653395413966182 -0.09250013411169152 -0.09692124888740278 -0.09692124888740278 -0.09250013411169152 -0.08649677539842958
+0 +1.562729898770383 +0.5000000000003645 -0.5000000000003645 -1.562729898770383 +0 
207 0.4474203545037719 -0.1708152760589939 -0.1622192447638127 -0.1708152760589939 -0.1622192447638127 0.2186486871418412
+0 +0.5000000001905592 +1.551269659946343 -0.5000000001905592 -1.551269659946343 +0 
208* 0.7627330631613508 0 0.06934002346866044 0 -0.2006883238346503 0.1371476052348373
-0.1000051729574787 +0.5 +1.587289629206273 -0.5 -0.03531753194169229 -0.03370861492140831 
209* 0.5453346464614577 0 0.01113853291439437 0 0.001711797890555909 0.1587789897787213
+0.03226126406464918 +0.5 +1.513180119524254 -0.5 -1.50170623592208 -3.11224245387626 
210* 0.1630572951640153 0 0.1558722981222791 0 0.1630571807477282 0.1498900684464136
+0.2955561215374312 +0.5 +1.67623319891165 -0.5 -0.7044472957812814 -0.00686369866595375 
211* 0.3804985818491268 0 0.1612577741227283 0 0.09400412890869303 0.09400402291798993
-0.02381204101002139 +0.5 +1.66187895525542 -0.5 +0.3165190961603994 -0.6834807150191047 
212* 0 0 -0.004766875753532467 -0.3937759830507611 -0.1945913115397708 -0.8936788259095793
-0.5 +0.5 +1.50186850979847 +3.295653909358725 -0.05187087545075995 -0.1804640883436642 
213* 0 0 -0.1034165848571294 -0.3129831240229491 -0.6942194630225527 -0.1144922555096683
-0.5 +0.5 +1.515233779932715 -0.04582235037991646 -0.09587636261488328 -0.03507147014223695 
214* 0.1630572951640153 0.1630571807477282 0.1498900684464136 0 0 0.1558722981222791
-0.2955561215374312 +0.7044472957812814 +0.00686369866595375 +0.5 -0.5 -1.67623319891165 
215* 0.1672963796736249 0 0 -0.5406227622871537 -0.5406227622871537 0.1672963796736249
+0.4999999853763493 -0.5 +0.5 +0.5015267669061719 -0.5015267669061719 -0.4999999853763493 
216* 0 0 -0.1558722981222791 -0.1630572951640153 -0.1630571807477282 -0.1498900684464136
-0.5 +0.5 +1.67623319891165 +0.2955561215374312 -0.7044472957812814 -0.00686369866595375 
217* 0.3750043764295205 0.1547770953145863 0 -0.1881746234045828 0 0.07630315162562193
+0.04926956000344621 +0.03426770665003658 +0.5 +0.03434352267505986 -0.5 -1.64996302979042 
218** 0.9468899269636587 0 0 0 0 -0.9468899269636587
+0 +1.520234380851826 +0.5 -0.5 -1.520234380851826 +0 
219* 0.8024363317578912 0 0 -0.4108313878802117 0.01808558387959482 -0.01345772441845291
-0.09904773969938628 +0.5 -0.5 -0.04937711556282599 +1.593621512456169 -0.03093966239406311 
220* 0.7501285269038164 0 0 -0.4301455826442837 0.05006285018687882 0.340651239630802
-0.09504635558273658 +0.5 -0.5 -0.04985694857617061 +1.561979369153455 -0.04402944299536927 
221* 0.7921877945725673 0 0 0.1141093411635502 0.02598803365693826 0.02598803351424214
-0.07393559823381728 -0.5 +0.5 +1.612968223105499 -0.6668462739723113 +0.3331537417756113 
222* 0.7840371486525753 0 0 0.04763349972182415 -0.1936445063579617 -0.02187982463466489
-0.1003642378727785 +0.5 -0.5 +1.603859328353948 -0.03507333129674747 -0.03109336932185077 
223* 0.8199026535034031 0 -0.004834455722489984 -0.3994775382527115 0 -0.175125011822007
-0.09851983781575646 +0.5 +1.590715966245853 -0.0490609536788599 -0.5 -0.0345359997932603 
224* 0 -0.002285138946485323 0 -0.5092538894394829 -0.9086933994764801 -0.8631671641107286
-0.5 +1.499421635675208 +0.5 +3.02931249885878 +0.2327774238876892 -0.7800676623266322 
225* 0.4203752890806849 0 -0.7812825307690603 0 -0.1451379007014637 -0.03870616655443573
+0.04950269053682435 +0.5 +0.09857342536032264 -0.5 +0.03343925568186799 -1.583492646044311 
226* -0.1299159844698316 0 -0.9727326630530865 0 -0.0007172579565403758 0.5115514751533429
-3.31370201760848 +0.5 +0.18439352855511 -0.5 -1.503462920990425 +0.0861059695589925 
227* -0.05905878633122479 -0.3518821252207783 -0.6901896167156432 -0.3516736353314072 0 0
-1.468829749385243 +0.708330594983602 +0.03300637243560919 -0.291701589410416 -0.5 +0.5 
228* 0 0 0.02154385819370046 -0.3656696261539526 -0.1177143208149252 -0.1478897495044222
-0.5 +0.5 -0.03099821958873014 -0.04989264670849301 +1.640120250770691 -0.03456008833277265 
229** 0 0 0 0 0 0
-0.5 +0.5 +0.01853989990590438 +0.9937750058754766 -0.01853989990590438 -0.9937750058754766 
230* -0.4551398151002586 -0.8587080247357802 -0.3979890416420597 0 0 -0.004433132061281742
-3.248645725029719 +0.1725673263731783 +0.06922335370483637 +0.5 -0.5 -1.500528367083734 
231* -0.05006285018687882 -0.340651239630802 -0.7501285269038164 0 0 0.4301455826442837
-1.561979369153455 +0.04402944299536927 +0.09504635558273658 +0.5 -0.5 +0.04985694857617061 
232* 0 0.1478897495044222 0.1177143208149252 -0.02154385819370046 0.3656696261539526 0
+0.5 -0.03456008833277265 +1.640120250770691 -0.03099821958873014 -0.04989264670849301 -0.5 
233* 1.100055232405387 0 0.6717477808598816 0.04817891528896998 0 0.0001064036222526347
+0.2695931970835315 +0.5 -6.39989048427833 -2.611423751596374 -0.5 -1.500064652937473 
234* 0.934863041109731 0 -0.1069695392602321 0.003279175964353525 0 0.282020596208967
+0.1845661002875894 +0.5 +0.04851879052637089 -1.503957548551177 -0.5 -3.333553436919548 
235* 0.8070543972512259 0.01455023380140372 0 -0.8452627321506673 0 0.1572951296157171
-0.09745914888684761 +1.558526779346608 +0.5 -0.09817837583982256 -0.5 -0.0334273739689858 
236* 0 0.1814815069091829 -0.394181096220426 0.1825325479608766 0.1814815069091829 0
+0.5 +1.000067382837214 +0 +0 -1.000067382837214 -0.5 
237* 0.4057445181969572 -0.03311441927539418 0 -0.3850195467568396 -0.1628247444019886 0
-0.04868377562311041 +1.63539186740635 +0.5 -0.04882174159487451 -0.03418303664534236 -0.5 
238* 0.394181096220426 0 -0.1814815069091829 -0.1825325479608766 -0.1814815069091829 0
+0 +0.5 +1.000067382837214 +0 -1.000067382837214 -0.5 
239* 0.2204537809846975 0 0.2204614562014151 -0.02731912827751041 0 0.1419524073820909
-0.3049195893940238 +0.5 +0.6950752349516637 +0.01189454595796463 -0.5 -1.675036561835425 
240* 0.640929921422376 0 0.06560509408758086 -0.06169750892301955 0 0.6311645504124867
+0.3110914256257613 +0.5 +1.508303403421367 -0.02687250234750728 -0.5 -0.6880076223373743 
241* 0.09400412890869303 0.3804985818491268 0.09400402291798993 0 0 0.1612577741227283
-0.3165190961603994 +0.02381204101002139 +0.6834807150191047 -0.5 +0.5 -1.66187895525542 
242* 1.036713479177978 0 0.008506323397353967 0.001288544189869235 0.2305955880232626 0
+0.08293178836143093 +0.5 +1.507497974513548 -1.50078549832532 -3.00188172195978 -0.5 
243* 0 0 0.06611182298134244 -0.6451968054453657 -0.2624503634497781 0.06611182298134244
-0.5 +0.5 +0.4999999999989926 +0 +0 -0.4999999999989926 
244* 1.100055232405387 0.0001064036222526347 0 0 0.04817891528896998 0.6717477808598816
-0.2695931970835315 +1.500064652937473 +0.5 -0.5 +2.611423751596374 +6.39989048427833 
245* 0.747712566711196 0 0.02154019490393344 -0.9032443727278102 0 0.7329930051724343
+0.3412361177860214 +0.5 +1.520800762763249 -0.09097438334667461 -0.5 -0.6667001269439109 
246* 0 0.3158666332484289 0 -0.8512650692923502 0.0392294875896719 0.3158950912904754
-0.5 +0.6658430196570678 +0.5 +0.07836060916385886 -1.582255486871234 -0.3341655705833393 
247* -0.1636197855182686 -0.4716558086395458 0 0 0.0937788990633369 -0.003723372059810469
-3.47865535181947 +0.08543289448953578 +0.5 -0.5 +0.04928575206603474 -1.507058898194662 
248* 0.2277676392912202 0 0 0.005485611145357798 0.05431054410193932 0.4610254679855448
-3.470557575147276 +0.5 -0.5 -1.506067363554099 +0.04835848633109222 +0.08449722155119645 
249* 0.2260830317133166 0 0 0.0001381028452709261 0.02217538019902546 0.3137384792399957
-6.704887408311596 +0.5 -0.5 -1.500235696583845 -2.648315505255374 +0.08015813207690829 
250* 0.6912450600298008 -0.4544003883448874 0 0 0.03906376145704296 0.7041746388205702
+0.673890326510474 +0.04611620466505294 -0.5 +0.5 -1.525962927410278 -0.3299617752283955 
251* -0.2166711300785914 -0.9525101052046248 0 0 -0.001944683282494247 0.2739885233429263
-3.33458255097035 +0.184811763976808 -0.5 +0.5 -1.504090881621509 +0.05856473440919657 
252* -0.1034165848571294 -0.3129831240229491 -0.6942194630225527 -0.1144922555096683 0 0
-1.515233779932715 +0.04582235037991646 +0.09587636261488328 +0.03507147014223695 +0.5 -0.5 
253* -0.01808558387959482 -0.8024363317578912 0 0 0.01345772441845291 0.4108313878802117
-1.593621512456169 +0.09904773969938628 +0.5 -0.5 +0.03093966239406311 +0.04937711556282599 
254* -0.07453162499743957 -0.2819241511849226 -0.2819404044213709 0 0 0.4230396480609298
-1.636370126455993 +0.6742694791970865 -0.3257209778690102 -0.5 +0.5 +0.03453487951737955 
255* -0.344413098336722 -0.4453904502576234 -0.4457409420195838 -0.005226392156172619 0 0
-3.334106989754971 +0.7288246430761077 -0.271598261521441 -1.500890897798723 -0.5 +0.5 
256* -0.1129930975081676 -0.254288547281842 -0.2542913552260196 0.1994776855110903 0 0
-1.664758409772982 +0.6834127482963036 -0.3165738795231725 +0.01978577102390682 -0.5 +0.5 
257* 0.09186803912032179 0 0 -0.260164208783473 0.001683342873473601 0.4820709447521236
-3.471940227841716 +0.5 -0.5 +0.05880092064680272 -1.506922154476575 +0.08586699605810684 
258* 0.07353989523077063 -0.08502352564501924 0.002406460114962158 0 0 0.2428507964421698
-3.52379882410771 +0.04973146630780975 -1.509575242232667 +0.5 -0.5 +0.05879815133119497 
259* -0.09714870808864129 -0.3225347063144771 -0.7143077451460385 0.0424344706446395 0 0
-1.541658630619702 +0.04539199749742469 +0.0969096575576371 +0.03225696185059484 -0.5 +0.5 
260* 0.1049145105733078 0 0 8.172193049623303e-005 0.1434625953133222 0.01060951802825878
-6.731667051021659 +0.5 -0.5 -1.500300847882672 +0.06458754574272853 -2.652688478976923 
261* 0.8631671641107286 0 0.002285138946485323 0 0.5092538894394829 0.9086933994764801
+0.7800676623266322 +0.5 -1.499421635675208 -0.5 -3.02931249885878 -0.2327774238876892 
262* 0.1407931445352996 0 0.004752883500048702 0 0.06378708395108423 0.2350570749236707
-3.519021495146511 +0.5 -1.508812179073126 -0.5 +0.04929833011268911 +0.05835727350186912 
263* 0.9164726776402168 0 0.00432502812330204 0 0.03953730695602116 0.3385087390618011
+0.1834036640784795 +0.5 -1.503135318571555 -0.5 +0.04668397033884041 -3.320652599652603 
264* 0.8587080247357802 0 0 0.004433132061281742 0.4551398151002586 0.3979890416420597
+0.1725673263731783 +0.5 -0.5 -1.500528367083734 -3.248645725029719 +0.06922335370483637 
265* 0.6607685161345663 -0.2281357382727192 0 0 0.05514796015324216 0.6722182724676409
+0.6808144324732398 +0.03213159931873141 -0.5 +0.5 -1.520657471358835 -0.3204423987676178 
266* -0.5092538894394829 -0.8631671641107286 -0.9086933994764801 0 -0.002285138946485323 0
-3.02931249885878 +0.7800676623266322 -0.2327774238876892 -0.5 -1.499421635675208 +0.5 
267* 1.002282516328308 -1.002282516328308 0 0 0 0
+0.1836790946161093 +0.1836790946161093 +0.5 -0.5 -1.502175247731056 -3.216448844206639 
268* -0.282020596208967 -0.934863041109731 0 0 0.1069695392602321 -0.003279175964353525
-3.333553436919548 +0.1845661002875894 +0.5 -0.5 +0.04851879052637089 -1.503957548551177 
269* -0.2927708334798634 -0.4483446804405716 -0.2142002524725256 0 0 -0.006411961671179798
-3.447560300169815 +0.08261676951517288 +0.05552591043558607 -0.5 +0.5 -1.504248755694328 
270* -0.03311441927539418 -0.3850195467568396 -0.1628247444019886 0 0 0.4057445181969572
-1.63539186740635 +0.04882174159487451 +0.03418303664534236 +0.5 -0.5 +0.04868377562311041 
271* 0 0 -0.004433132061281742 -0.4551398151002586 -0.3979890416420597 -0.8587080247357802
-0.5 +0.5 +1.500528367083734 +3.248645725029719 -0.06922335370483637 -0.1725673263731783 
272* 0 0 0.0424344706446395 -0.3225347063144771 -0.09714870808864129 -0.7143077451460385
-0.5 +0.5 -0.03225696185059484 -0.04539199749742469 +1.541658630619702 -0.0969096575576371 
273* 0 0 -0.05274306057120124 -0.01770637431670127 -0.656509663432016 -0.01770637431670127
-0.5 +0.5 +0 +0.5 +0 -0.5 
274* 0 -0.00432502812330204 0 -0.03953730695602116 -0.3385087390618011 -0.9164726776402168
-0.5 +1.503135318571555 +0.5 -0.04668397033884041 +3.320652599652603 -0.1834036640784795 
275* -0.09186803912032179 -0.4820709447521236 0 0 -0.001683342873473601 0.260164208783473
-3.471940227841716 +0.08586699605810684 +0.5 -0.5 -1.506922154476575 +0.05880092064680272 
276* 0 0 0 0 0 0
-6.73896864287474 +0.5 -0.5 -1.500324785972256 +0.06036059472570256 -2.653918482673135 
277* 0 -0.3962253032953279 0 0 0 0.3962253032953279
-1.645011480779108 +0.04882398551295641 +0.5 -0.5 +0.03074892552115683 +0.04882398551295641 
278* -0.3937759830507611 -0.8936788259095793 -0.1945913115397708 0 0 -0.004766875753532467
-3.295653909358725 +0.1804640883436642 +0.05187087545075995 -0.5 +0.5 -1.50186850979847 
279* -0.09539420548950524 -0.7447637171047643 -0.1303864690402488 0.03490916268069833 0 0
-1.57418818826612 +0.1008844309487054 +0.03411955814591054 +0.03167906945202464 -0.5 +0.5 
280* 0 -0.0001496613707748646 0 -0.03552271376906868 -0.3914476083710886 -0.5642370394867853
-0.5 +1.500147890336383 +0.5 +2.637841193913695 +6.634765675786869 -0.121575043697853 
281* 0 0 0.02731912827751041 -0.1419524073820909 -0.2204537809846975 -0.2204614562014151
-0.5 +0.5 -0.01189454595796463 +1.675036561835425 +0.3049195893940238 -0.6950752349516637 
282* 0 0 0.03490916268069833 -0.09539420548950524 -0.7447637171047643 -0.1303864690402488
-0.5 +0.5 -0.03167906945202464 +1.57418818826612 -0.1008844309487054 -0.03411955814591054 
283* 0 0 0.06169750892301955 -0.06560509408758086 -0.640929921422376 -0.6311645504124867
-0.5 +0.5 -0.02687250234750728 +1.508303403421367 +0.3110914256257613 -0.6880076223373743 
284* -0.07353989523077063 0 -0.002406460114962158 -0.2428507964421698 0 0.08502352564501924
-3.52379882410771 +0.5 -1.509575242232667 +0.05879815133119497 -0.5 +0.04973146630780975 
285* -0.1049145105733078 0 0 -0.1434625953133222 -8.172193049623303e-005 -0.01060951802825878
-6.731667051021659 +0.5 -0.5 +0.06458754574272853 -1.500300847882672 -2.652688478976923 
286* 0 0 0.1675581707140804 0.1685648278891809 0.1685648278891809 0.1675581707140804
-0.5 +0.5 +0.5000000010878727 +1.676504125728452 -1.676504125728452 -0.5000000010878727 
287* 0.6722182724676409 0 0.05514796015324216 -0.2281357382727192 0 0.6607685161345663
+0.3204423987676178 +0.5 +1.520657471358835 -0.03213159931873141 -0.5 -0.6808144324732398 
288* 0 0.2542913552260196 0.254288547281842 -0.1994776855110903 0.1129930975081676 0
+0.5 -0.3165738795231725 +0.6834127482963036 +0.01978577102390682 -1.664758409772982 -0.5 
289* 0.8846575471540277 0 0.0257905162977552 0 0.0257905162977552 -0.1029077173609646
+0 +0.5 +1.534265579981031 -0.5 -1.534265579981031 +0 
290* 0.8440131834260811 0 0.03773456051352949 0 0.03773456051352949 0.1920242047150366
+0 +0.5 +1.517660095196571 -0.5 -1.517660095196571 +0 
291 0.5519731340831428 -0.10892752837385 -0.1113736670182715 -0.1113707432988998 -0.1113736670182715 -0.10892752837385
+0 +2.153912219259462 +1.000005687764563 +0 -1.000005687764563 -2.153912219259462 
292* 0 -0.004752883500048702 0 -0.06378708395108423 -0.2350570749236707 -0.1407931445352996
-0.5 +1.508812179073126 +0.5 -0.04929833011268911 -0.05835727350186912 +3.519021495146511 
293* 0 0 0 -0.07792007742668958 0 0.07792007742668958
-0.5 +1.510846096703232 +0.5 -0.04986109969191459 +3.538978719916934 -0.04986109969191459 
294* 0 0 0 0 0 0
-0.5 +1.500324785972256 +0.5 -0.06036059472570256 +2.653918482673135 +6.73896864287474 
295* 0 -0.005485611145357798 0 -0.05431054410193932 -0.2277676392912202 -0.4610254679855448
-0.5 +1.506067363554099 +0.5 -0.04835848633109222 +3.470557575147276 -0.08449722155119645 
296* -0.06815776646582342 -0.5956298953023945 -0.6030372783875615 -0.09335888396180637 0 0
-1.492642653940502 +0.6972253471107863 -0.2997992565158714 +0.02497888164436403 -0.5 +0.5 
297* 0 0 0 0 0 0
-11.73181911802066 +0.5 -0.5 -1.500005312221189 -2.519414396119157 -4.19715790536215 
298* -0.03906376145704296 -0.6912450600298008 -0.7041746388205702 0 0 0.4544003883448874
-1.525962927410278 +0.673890326510474 -0.3299617752283955 -0.5 +0.5 +0.04611620466505294 
299* -0.06560509408758086 -0.6311645504124867 -0.640929921422376 0.06169750892301955 0 0
-1.508303403421367 +0.6880076223373743 -0.3110914256257613 +0.02687250234750728 -0.5 +0.5 
300* 0.435742923316585 0.05259247854568416 0 0 0.05259247854568416 0.2116945606010868
+0 +1.53449305518185 +0.5 -0.5 -1.53449305518185 +0 
301* -0.02314278584395891 -0.5298804177818831 -0.4798191901453144 -0.4797193146156294 0 0
-1.479546457061293 +1.372810810012995 +0.3533974373806011 -0.6467254294485979 -0.5 +0.5 
302* 0.08932620734360094 0.08923930330664277 -0.1715003105841046 0 0 0.08923930330664277
+0 +0.9985336986830643 +0 +0.5 -0.5 -0.9985336986830643 
303* -0.04817891528896998 -0.6717477808598816 -1.100055232405387 -0.0001064036222526347 0 0
-2.611423751596374 -6.39989048427833 +0.2695931970835315 -1.500064652937473 -0.5 +0.5 
304* 0 0.2083947539626451 -0.3311645338287573 -0.7318177810049754 0 -0.07729247167316659
+0.5 +0.03583996454473831 +0.04470428627145803 +0.09633022120995066 -0.5 -1.558852059688676 
305* 0.4941185635365 0 -0.4941185635365 0 0 0
+0.08598045341600648 +0.5 +0.08598045341600648 -0.5 -1.505639247912058 -3.438294096792878 
306* -0.3385087390618011 -0.03953730695602116 -0.9164726776402168 0 0 -0.00432502812330204
-3.320652599652603 +0.04668397033884041 +0.1834036640784795 -0.5 +0.5 -1.503135318571555 
307* 0.9014466761005329 -0.265961238724873 0 0.01509244718728284 0 0.01509244718728284
+0 +0 +0.5 +1.535516392213687 -0.5 -1.535516392213687 
308* 0.5453346464614577 0.001711797890555909 0 0.1587789897787213 0 0.01113853291439437
-0.03226126406464918 +1.50170623592208 +0.5 +3.11224245387626 -0.5 -1.513180119524254 
309* 0.5115514751533429 -0.0007172579565403758 -0.9727326630530865 0 0 -0.1299159844698316
-0.0861059695589925 +1.503462920990425 -0.18439352855511 +0.5 -0.5 +3.31370201760848 
310* 0.7777627227717863 0 -0.4338728030770422 -0.2573159482300309 -0.4338728030770422 0
+0 +0.5 +0.5003120918906026 +0 -0.5003120918906026 -0.5 
311* 0 -0.04725213778762936 -0.1826373132346225 -0.1826373132346225 -0.2618334537322806 0
+0.5 +0 +0.50000010732014 -0.50000010732014 +0 -0.5 
312* 0 -0.03822773200189772 -0.2320828021474638 -0.06453873541853997 0 -0.03822773200189772
+0.5 +1.571839307449278 +0 +0 -0.5 -1.571839307449278 
313* -0.03552271376906868 -0.3914476083710886 -0.5642370394867853 -0.0001496613707748646 0 0
-2.637841193913695 -6.634765675786869 +0.121575043697853 -1.500147890336383 -0.5 +0.5 
314* 0 -0.08923930330664277 -0.08932620734360094 -0.08923930330664277 0 0.1715003105841046
+0.5 +0.9985336986830643 +0 -0.9985336986830643 -0.5 +0 
315* 0 -0.09400412890869303 -0.09400402291798993 -0.3804985818491268 0 -0.1612577741227283
+0.5 -0.3165190961603994 +0.6834807150191047 +0.02381204101002139 -0.5 -1.66187895525542 
316 0.830215903580226 -0.105784351538401 -0.2059757176129525 -0.2066957652775189 -0.105784351538401 -0.2059757176129525
+0 +0.4999999999850119 +1.000386079688863 +0 -0.4999999999850119 -1.000386079688863 
317* 0 -0.05001777345904444 -0.329046283216471 -0.329046283216471 0 -0.05001777345904444
+0.5 +1.477244658136229 +0.499997790855179 -0.499997790855179 -0.5 -1.477244658136229 
318* 0.3656696261539526 -0.02154385819370046 0 0 0.1177143208149252 0.1478897495044222
+0.04989264670849301 +0.03099821958873014 +0.5 -0.5 -1.640120250770691 +0.03456008833277265 
319* 0 -0.01999781264237935 -0.767517225046804 -0.767517225046804 0 -0.01999781264237935
+0.5 +1.496623563408369 +0.5061188241350458 -0.5061188241350458 -0.5 -1.496623563408369 
320* 0.4203752890806849 -0.03870616655443573 0 -0.7812825307690603 -0.1451379007014637 0
-0.04950269053682435 +1.583492646044311 +0.5 -0.09857342536032264 -0.03343925568186799 -0.5 
321* -0.04763349972182415 0.1936445063579617 -0.7840371486525753 0.02187982463466489 0 0
-1.603859328353948 +0.03507333129674747 +0.1003642378727785 +0.03109336932185077 -0.5 +0.5 
322* 0 -0.2507558896726271 0 0 0 0.2507558896726271
-3.512392732807082 +0.05892972962316165 +0.5 -0.5 -1.508902908893674 +0.05892972962316165 
323* 0.8269222833031134 0 -0.3112614428638583 -0.3107708510550117 -0.3112614428638583 0
+0 +0.5 +1.001339659684816 +0 -1.001339659684816 -0.5 
324* 0.1323717184880124 0.132372601423476 0 0 0.006336383383233348 0.1156161222898756
-0.2765048012083503 +0.7234950676736974 +0.5 -0.5 -1.508891809876545 -3.443776671392954 
325* 0 -0.03417221768782746 -0.8665333357065327 -0.04089963278209461 0 -0.03417221768782746
+0.5 +1.527720065831175 +0 +0 -0.5 -1.527720065831175 
326* -0.1407931445352996 -0.06378708395108423 -0.2350570749236707 0 0 -0.004752883500048702
-3.519021495146511 +0.04929833011268911 +0.05835727350186912 -0.5 +0.5 -1.508812179073126 
327* 0.0001496613707748646 0.3914476083710886 0.03552271376906868 0 0 0.5642370394867853
-1.500147890336383 -6.634765675786869 -2.637841193913695 -0.5 +0.5 +0.121575043697853 
328* 0.7812825307690603 0 -0.4203752890806849 0.03870616655443573 0 0.1451379007014637
-0.09857342536032264 +0.5 -0.04950269053682435 +1.583492646044311 -0.5 -0.03343925568186799 
329* 0 0.1881746234045828 -0.3750043764295205 -0.1547770953145863 0 -0.07630315162562193
+0.5 +0.03434352267505986 +0.04926956000344621 +0.03426770665003658 -0.5 -1.64996302979042 
330* 0.09623715063984573 0.01009498117559869 0 0 0.001545174971511003 0.3061347003338049
-3.149066989351725 +1.519352314078543 +0.5 -0.5 -1.502648243120638 +0.02011842171608757 
331* -0.1177143208149252 -0.3656696261539526 -0.1478897495044222 0.02154385819370046 0 0
-1.640120250770691 +0.04989264670849301 +0.03456008833277265 +0.03099821958873014 -0.5 +0.5 
332* 0.4453904502576234 0 0.344413098336722 0.4457409420195838 0.005226392156172619 0
+0.7288246430761077 +0.5 -3.334106989754971 -0.271598261521441 -1.500890897798723 -0.5 
333* 0 -0.04245123684904586 -0.3965525177955195 -0.3965525177955195 0 0.1403209611261957
+0.5 +0 +0.5001767116979976 -0.5001767116979976 -0.5 +0 
334* 0 -0.2784108867027773 -0.5390648787741268 -0.541898681673228 0 -0.06292826193950475
+0.5 +0.01969866154633516 +0.7176786940994604 -0.2773938609867495 -0.5 -1.479404366798965 
335* 0.4230396480609298 -0.07453162499743957 -0.2819404044213709 -0.2819241511849226 0 0
-0.03453487951737955 +1.636370126455993 +0.3257209778690102 -0.6742694791970865 -0.5 +0.5 
336 0.9299074311224191 -0.159739455810201 -0.25845811644166 -0.1759852015301786 -0.159739455810201 -0.1759852015301786
+0 +0.5000000000662517 +0 +1.539487905186214 -0.5000000000662517 -1.539487905186214 
337* 0.175125011822007 0 0.004834455722489984 -0.8199026535034031 0 0.3994775382527115
-0.0345359997932603 +0.5 +1.590715966245853 -0.09851983781575646 -0.5 -0.0490609536788599 
338* 0 -0.03773456051352949 -0.1920242047150366 -0.8440131834260811 -0.03773456051352949 0
+0.5 +1.517660095196571 +0 +0 -1.517660095196571 -0.5 
339* 0.3861286752426459 -0.008364735470673746 0 0.04012714828188003 0 -0.1810935752312001
-0.0490840947992756 -0.03069043677746415 +0.5 +1.667562057266363 -0.5 -0.03425709267411776 
340 0.4576452546102838 0.06045929714983834 -0.133867258828766 -0.1251850170512951 -0.133867258828766 -0.1251850170512951
+0 +0 +0.5000000000146186 +1.558993021707473 -0.5000000000146186 -1.558993021707473 
341* 0.6030372783875615 0.5956298953023945 0 0 0.06815776646582342 0.09335888396180637
-0.2997992565158714 +0.6972253471107863 +0.5 -0.5 -1.492642653940502 +0.02497888164436403 
342* 0 0 -0.001711797890555909 -0.1587789897787213 -0.5453346464614577 -0.01113853291439437
-0.5 +0.5 +1.50170623592208 +3.11224245387626 -0.03226126406464918 -1.513180119524254 
343* 0 0 -0.02314278584395891 -0.4797193146156294 -0.4798191901453144 -0.5298804177818831
-0.5 +0.5 +1.479546457061293 +0.6467254294485979 -0.3533974373806011 -1.372810810012995 
344* 0 0 -0.1141093411635502 -0.7921877945725673 -0.02598803351424214 -0.02598803365693826
-0.5 +0.5 +1.612968223105499 -0.07393559823381728 +0.3331537417756113 -0.6668462739723113 
345* 0 0.2281357382727192 -0.6607685161345663 -0.6722182724676409 0 -0.05514796015324216
+0.5 +0.03213159931873141 +0.6808144324732398 -0.3204423987676178 -0.5 -1.520657471358835 
346 -0.05972627227312145 -0.06007062975416638 -0.1084731011399283 -0.1084731011399283 -0.06007062975416638 0.3968137340613107
+0 +0.9992733718663238 +0.4999999999724978 -0.4999999999724978 -0.9992733718663238 +0 
347* 0.329046283216471 0 0.05001777345904444 0.05001777345904444 0 0.329046283216471
+0.499997790855179 +0.5 +1.477244658136229 -1.477244658136229 -0.5 -0.499997790855179 
348* 0.3850195467568396 0.03311441927539418 0.1628247444019886 -0.4057445181969572 0 0
-0.04882174159487451 +1.63539186740635 -0.03418303664534236 -0.04868377562311041 -0.5 +0.5 
349 0.9388722370627255 -0.1062905656867238 -0.1203349318297041 -0.4856212420298697 -0.1062905656867238 -0.1203349318297041
+0 +0.5000000000003672 +1.530445021512995 +0 -0.5000000000003672 -1.530445021512995 
350* 0 0 0 0 0 0
+0.5 +1.503594648507218 -0.01495197027086698 +3.16735592382148 -1.525519439157793 -0.5 
351* 0 0.004766875753532467 0.1945913115397708 0.3937759830507611 0.8936788259095793 0
+0.5 +1.50186850979847 -0.05187087545075995 +3.295653909358725 -0.1804640883436642 -0.5 
352* 0 -0.05259247854568416 -0.2116945606010868 -0.435742923316585 0 -0.05259247854568416
+0.5 +1.53449305518185 +0 +0 -0.5 -1.53449305518185 
353* 0.640929921422376 0.6311645504124867 0 0 0.06560509408758086 -0.06169750892301955
-0.3110914256257613 +0.6880076223373743 +0.5 -0.5 -1.508303403421367 +0.02687250234750728 
354* 0 0 0.01934578232952114 -0.08263619359484652 0.2389058901445361 0.01934578232952114
-0.5 +0.5 +1.577576001883431 +0 +0 -1.577576001883431 
355* 0 0 -0.00588154371334734 -0.1406045170360554 -0.0456122100783198 -0.0009055595475140934
-0.5 +0.5 +1.523893415183011 +0.01601053200934159 -3.163405418759457 -1.503341164654857 
356* 0 0.1810935752312001 -0.3861286752426459 0.008364735470673746 0 -0.04012714828188003
+0.5 +0.03425709267411776 +0.0490840947992756 +0.03069043677746415 -0.5 -1.667562057266363 
357* 0 -0.1612577741227283 -0.3804985818491268 -0.09400412890869303 -0.09400402291798993 0
+0.5 +1.66187895525542 -0.02381204101002139 +0.3165190961603994 -0.6834807150191047 -0.5 
358* 0.3962253032953279 0 0 -0.3962253032953279 0 0
-0.04882398551295641 -0.03074892552115683 +0.5 -0.04882398551295641 +1.645011480779108 -0.5 
359* 0 -0.03906376145704296 -0.7041746388205702 -0.6912450600298008 0.4544003883448874 0
+0.5 +1.525962927410278 +0.3299617752283955 -0.673890326510474 -0.04611620466505294 -0.5 
360* 0.9199368864404403 0.005159138887548395 -0.4934636084352462 0 0 0.005159138887548395
+0 +1.530542609603139 +0 +0.5 -0.5 -1.530542609603139 
361 0.1113707432988998 0.1113736670182715 0.10892752837385 -0.5519731340831428 0.10892752837385 0.1113736670182715
+0 +1.000005687764563 +2.153912219259462 +0 -2.153912219259462 -1.000005687764563 
362* 0 0 0.03906376145704296 -0.4544003883448874 0.7041746388205702 0.6912450600298008
-0.5 +0.5 +1.525962927410278 -0.04611620466505294 +0.3299617752283955 -0.673890326510474 
363* 0 0.1029077173609646 -0.0257905162977552 -0.8846575471540277 -0.0257905162977552 0
+0.5 +0 +1.534265579981031 +0 -1.534265579981031 -0.5 
364* 0 0 -0.01405895931717091 -0.467802227690427 0.2534928275602582 -0.01405895931717091
-0.5 +0.5 +1.557442272787665 +0 +0 -1.557442272787665 
365* 0.3107708510550117 0.3112614428638583 0 -0.8269222833031134 0 0.3112614428638583
+0 +1.001339659684816 +0.5 +0 -0.5 -1.001339659684816 
366** 0 0 -0.2455412050427445 0 0.2455412050427445 0
-0.5 +0.5 +0 +1.572903456778204 +0 -1.572903456778204 
367 0.06370254346907207 0.06369858781925303 -0.3085352562830319 0.0587177685877269 0.0587177685877269 0.06369858781925303
+0 +1.000009258133162 +0 +2.168888589255617 -2.168888589255617 -1.000009258133162 
368* 0.6942194630225527 0.1144922555096683 0 0 0.1034165848571294 0.3129831240229491
+0.09587636261488328 +0.03507147014223695 -0.5 +0.5 -1.515233779932715 +0.04582235037991646 
369* 0 0.2006883238346503 -0.1371476052348373 -0.7627330631613508 0 -0.06934002346866044
+0.5 +0.03531753194169229 +0.03370861492140831 +0.1000051729574787 -0.5 -1.587289629206273 
370* 0 0 -0.2849693410163227 -0.254263386259404 -0.2849693410163227 0.140986684849367
-0.5 +0.5 +0.5000090484343037 +0 -0.5000090484343037 +0 
371* 0 -0.05006285018687882 -0.7501285269038164 -0.340651239630802 0.4301455826442837 0
+0.5 +1.561979369153455 -0.09504635558273658 -0.04402944299536927 -0.04985694857617061 -0.5 
372* 0.9086933994764801 0 0.002285138946485323 0.5092538894394829 0 0.8631671641107286
+0.2327774238876892 +0.5 +1.499421635675208 +3.02931249885878 -0.5 -0.7800676623266322 
373* 0 0.08263619359484652 -0.2389058901445361 -0.01934578232952114 -0.01934578232952114 0
+0.5 +0 +0 +1.577576001883431 -1.577576001883431 -0.5 
374* 0.4941185635365 0 0 0 0 -0.4941185635365
-0.08598045341600648 +1.505639247912058 +0.5 +3.438294096792878 -0.5 -0.08598045341600648 
375* 0 0.09035897621395116 -0.03061117368565761 -0.4585522403889277 -0.03061117368565761 0
+0.5 +0 +1.55781334946037 +0 -1.55781334946037 -0.5 
376* 0 0.003279175964353525 -0.1069695392602321 0.282020596208967 0.934863041109731 0
+0.5 +1.503957548551177 -0.04851879052637089 +3.333553436919548 -0.1845661002875894 -0.5 
377* 0.2142002524725256 0.006411961671179798 0.2927708334798634 0 0 0.4483446804405716
-0.05552591043558607 +1.504248755694328 +3.447560300169815 +0.5 -0.5 -0.08261676951517288 
378 1.062448821728431 -0.2239247586757201 -0.2048679130111347 -0.2048634783547211 -0.2048679130111347 -0.2239247586757201
+0 +2.122007381647225 +0.9999968930382684 +0 -0.9999968930382684 -2.122007381647225 
379* 0 0.001683342873473601 0.09186803912032179 -0.260164208783473 0.4820709447521236 0
+0.5 +1.506922154476575 +3.471940227841716 -0.05880092064680272 -0.08586699605810684 -0.5 
380* 0 -0.0009055595475140934 -0.0456122100783198 -0.1406045170360554 -0.00588154371334734 0
+0.5 +1.503341164654857 +3.163405418759457 -0.01601053200934159 -1.523893415183011 -0.5 
381* 0.1323717184880124 0.006336383383233348 0.1156161222898756 0 0 0.132372601423476
+0.2765048012083503 +1.508891809876545 +3.443776671392954 +0.5 -0.5 -0.7234950676736974 
382 0.8905436800263021 -0.2684852150822768 -0.278250484345293 -0.2684852150822768 -0.278250484345293 0.2029277188288373
+0 +0.5000000170789662 +1.53608075433991 -0.5000000170789662 -1.53608075433991 +0 
383 0.9199567246922791 -0.212694891225919 -0.1997452342819878 -0.1997452342819878 -0.212694891225919 -0.09507647367646542
+0 +1.542478218977972 +0.5000000009093762 -0.5000000009093762 -1.542478218977972 +0 
384* 0 0.1729148195141337 -0.1729148195141337 0 0 0
+0.5 +0.03408978673663914 +0.03408978673663914 +0.03051379665076087 -0.5 -1.701019495530006 
385** 0 0.0766693630192084 0 -0.0766693630192084 0 0
+0.5 +0 +1.586616413516815 +0 -1.586616413516815 -0.5 
386* 0 0.06453873541853997 0.03822773200189772 0.2320828021474638 0 0.03822773200189772
+0.5 +0 +1.571839307449278 +0 -0.5 -1.571839307449278 
387* 0 -0.132372601423476 -0.1323717184880124 -0.006336383383233348 0 -0.1156161222898756
+0.5 +0.7234950676736974 -0.2765048012083503 -1.508891809876545 -0.5 -3.443776671392954 
388* 0 0.005485611145357798 0.2277676392912202 0.05431054410193932 0.4610254679855448 0
+0.5 +1.506067363554099 +3.470557575147276 -0.04835848633109222 -0.08449722155119645 -0.5 
389* 0 0.0009055595475140934 0.0456122100783198 0.1406045170360554 0.00588154371334734 0
+0.5 +1.503341164654857 +3.163405418759457 -0.01601053200934159 -1.523893415183011 -0.5 
390* 0 0 0 0 0 0
+0.5 +1.506534834752622 -5.987946332481148 -2.596173380514931 -1.500085258272385 -0.5 
391* 0.8280950603770615 0 0 0 -0.8280950603770615 0
-0.09826492150239084 -0.03076738002029324 +1.562892500223388 +0.5 -0.09826492150239084 -0.5 
392* 0.7386222197139013 -0.07196623042382108 0 0 -0.6547810476251617 -0.2744220787786688
+0 +0 +0.5 -0.5 +0 +0 
393* 0.9525101052046248 0 -0.2739885233429263 0 0.001944683282494247 0.2166711300785914
+0.184811763976808 +0.5 +0.05856473440919657 -0.5 -1.504090881621509 -3.33458255097035 
394* 0 -0.04491582889423051 -0.4484817172219708 -0.0556022779051105 0 -0.04491582889423051
+0.5 +1.549610773390206 +0 +0 -0.5 -1.549610773390206 
395* 0.07453162499743957 0.2819241511849226 -0.4230396480609298 0 0 0.2819404044213709
-1.636370126455993 +0.6742694791970865 +0.03453487951737955 +0.5 -0.5 -0.3257209778690102 
396 0.69663193947235 0.1032094922967937 -0.690721524281385 -0.2960539302472452 0.08372453046269268 0.1032094922967937
+0 +0.5000000000374923 +0 +0 +0 -0.5000000000374923 
397* 0 0.2142002524725256 0.2927708334798634 0.006411961671179798 0.4483446804405716 0
+0.5 +0.05552591043558607 -3.447560300169815 -1.504248755694328 +0.08261676951517288 -0.5 
398 0.9075823301658872 0.04938865258003968 -0.2341375788472868 -0.2443479125256766 -0.2341375788472868 -0.2443479125256766
+0 +0 +0.5000000047295714 +1.540457123121714 -0.5000000047295714 -1.540457123121714 
399* -0.2260830317133166 0 -0.3137384792399957 -0.0001381028452709261 0 -0.02217538019902546
-6.704887408311596 +0.5 +0.08015813207690829 -1.500235696583845 -0.5 -2.648315505255374 
400* 0 0 -0.01509244718728284 -0.9014466761005329 0.265961238724873 -0.01509244718728284
-0.5 +0.5 +1.535516392213687 +0 +0 -1.535516392213687 
401 0.2048634783547211 0.2048679130111347 0.2239247586757201 -1.062448821728431 0.2239247586757201 0.2048679130111347
+0 +0.9999968930382684 +2.122007381647225 +0 -2.122007381647225 -0.9999968930382684 
402* 0.6730711535168934 0 0 -0.09653499564121541 -0.7185335016958678 0.2837528510890696
+0 -0.5 +0.5 +0 +0 +0 
403* 0.6480746076872026 0 0 -0.1130045889199259 -0.333196696458216 0.269359665434476
+0 -0.5 +0.5 +0 +0 +0 
404* -0.01113853291439437 0 -0.5453346464614577 -0.001711797890555909 -0.1587789897787213 0
+1.513180119524254 +0.5 +0.03226126406464918 -1.50170623592208 -3.11224245387626 -0.5 
405** 0 0 0 0 0 0
-0.5 +0.5 +1.500696932968625 +2.849226471551314 -2.849226471551314 -1.500696932968625 
406* 1.002282516328308 0 0 0 -1.002282516328308 0
-0.1836790946161093 +0.5 +1.502175247731056 +3.216448844206639 -0.1836790946161093 -0.5 
407* 0 0 0 0 0 0
-0.5 +0.5 +0.01495197027086698 +1.525519439157793 -3.16735592382148 -1.503594648507218 
408* 0.6942194630225527 0.1144922555096683 0 0 0.1034165848571294 0.3129831240229491
-0.09587636261488328 -0.03507147014223695 -0.5 +0.5 +1.515233779932715 -0.04582235037991646 
409* -0.2305955880232626 -0.008506323397353967 -1.036713479177978 -0.001288544189869235 0 0
-3.00188172195978 +1.507497974513548 +0.08293178836143093 -1.50078549832532 -0.5 +0.5 
410* 0.4716558086395458 0 0.003723372059810469 -0.0937788990633369 0.1636197855182686 0
-0.08543289448953578 +0.5 +1.507058898194662 -0.04928575206603474 +3.47865535181947 -0.5 
411 0.690721524281385 0.2960539302472452 -0.08372453046269268 -0.1032094922967937 -0.69663193947235 -0.1032094922967937
+0 +0 +0 +0.5000000000374923 +0 -0.5000000000374923 
412* 0 0 -0.07792007742668958 0.07792007742668958 0 0
-0.5 +0.5 +0.04986109969191459 +0.04986109969191459 -1.510846096703232 -3.538978719916934 
413* 0.7229054432562388 0.3122339963094561 -0.5949264562574094 0 -0.5949264562574094 0
+0 +0 +0.5026529045133649 +0.5 -0.5026529045133649 -0.5 
414** 0.6905065538178189 0.2932644595509686 0 -0.6905065538178189 0 -0.2932644595509686
+0 +0 +0.5 +0 -0.5 +0 
415* 0.6547810476251617 0.2744220787786688 0 -0.7386222197139013 0 0.07196623042382108
+0 +0 +0.5 +0 -0.5 +0 
416* 0.6297823133921146 0.2598598059001986 0 0 -0.3445480545012051 0.05817471644447134
+0 +0 +0.5 -0.5 +0 +0 
417* 0.6116812178739897 0.2495687194887431 0 -0.132128891410016 0 0.04886978912705666
+0 +0 +0.5 +0 -0.5 +0 
418* 0.6451968054453657 0.2624503634497781 -0.06611182298134244 0 0 -0.06611182298134244
+0 +0 +0.4999999999989926 +0.5 -0.5 -0.4999999999989926 
419* 0 0 0.0001496613707748646 0.03552271376906868 0.3914476083710886 0.5642370394867853
-0.5 +0.5 +1.500147890336383 +2.637841193913695 +6.634765675786869 -0.121575043697853 
420* 0.8109331163325 0.03476315461364457 0 0 0.03476315461364457 0.3864551803251088
+0 +1.507485307290083 +0.5 -0.5 -1.507485307290083 +0 
421* 0.6901896167156432 0.3516736353314072 0.05905878633122479 0 0 0.3518821252207783
-0.03300637243560919 +0.291701589410416 +1.468829749385243 +0.5 -0.5 -0.708330594983602 
422 0.1997452342819878 0.212694891225919 0.09507647367646542 -0.9199567246922791 0.212694891225919 0.1997452342819878
+0.5000000009093762 +1.542478218977972 +0 +0 -1.542478218977972 -0.5000000009093762 
423 0.1708152760589939 0.1622192447638127 -0.2186486871418412 -0.4474203545037719 0.1708152760589939 0.1622192447638127
+0.5000000001905592 +1.551269659946343 +0 +0 -0.5000000001905592 -1.551269659946343 
424 0.04331540869035407 0.03671983563228 0.08081340191565102 -0.2408838905609192 0.03671983563228 0.04331540869035407
+0.5 +1.578337818489786 +0 +0 -1.578337818489786 -0.5 
425 0.09692124888740278 0.09250013411169152 0.08649677539842958 -0.4653395413966182 0.09250013411169152 0.09692124888740278
+0.5000000000003645 +1.562729898770383 +0 +0 -1.562729898770383 -0.5000000000003645 
426 0.2074681549283625 0.189543747037482 -0.3970119019658445 -0.3970119019658445 0.2074681549283625 0.189543747037482
+0.5000000009310481 +1.533260937001109 +0.4999840998890093 -0.4999840998890093 -0.5000000009310481 -1.533260937001109 
427* -0.2277676392912202 -0.05431054410193932 -0.4610254679855448 0 0 -0.005485611145357798
-3.470557575147276 +0.04835848633109222 +0.08449722155119645 -0.5 +0.5 -1.506067363554099 
428 0.6948052702250065 0.2929234006525291 0.1404727821695525 -0.6343371176083202 -0.6343371176083202 0.1404727821695525
+0 +0 +0.5000000008953881 +0.5035937201436654 -0.5035937201436654 -0.5000000008953881 
429 0.08252677051045507 0.069143359608554 -0.2356208418806616 -0.06771941835735652 0.08252677051045507 0.069143359608554
+0.5000000000000747 +1.574525031022693 +0 +0 -0.5000000000000747 -1.574525031022693 
430 0.133867258828766 0.1251850170512951 -0.4576452546102838 -0.06045929714983834 0.133867258828766 0.1251850170512951
+0.5000000000146186 +1.558993021707473 +0 +0 -0.5000000000146186 -1.558993021707473 
431 0.6343371176083202 -0.1404727821695525 -0.6948052702250065 -0.2929234006525291 -0.1404727821695525 0.6343371176083202
+0.5035937201436654 +0.5000000008953881 +0 +0 -0.5000000008953881 -0.5035937201436654 
432 0.1413964760991389 -0.02949219111436911 -0.02645096931475198 -0.02951015524089676 -0.02949219111436911 -0.02645096931475198
+0 +1.00001076289805 +2.175681272817199 +0 -1.00001076289805 -2.175681272817199 
433 0.3108479031003332 0.3228412151350104 -0.86232516770962 -0.4050530687610672 0.3108479031003332 0.3228412151350104
+0.5000000628160112 +1.530318077675709 +0 +0 -0.5000000628160112 -1.530318077675709 
434 0.3970119019658445 -0.2074681549283625 -0.189543747037482 -0.2074681549283625 -0.189543747037482 0.3970119019658445
+0.4999840998890093 +0.5000000009310481 +1.533260937001109 -0.5000000009310481 -1.533260937001109 -0.4999840998890093 
435 0.8872071979664781 -0.4338888978252274 -0.4533183001412506 -0.4338888978252274 -0.4533183001412506 0.8872071979664781
+0.5135824263149844 +0.5000010414564424 +1.515357164180894 -0.5000010414564424 -1.515357164180894 -0.5135824263149844 
436 0.06941354138692178 0.01249979161500917 -0.174583784708785 0.01075711870492311 0.01249979161500917 0.06941354138692178
+0.4999999999998347 +0.9995890139564668 +0 +0 -0.9995890139564668 -0.4999999999998347 
437 -0.01075711870492311 -0.01249979161500917 -0.06941354138692178 -0.06941354138692178 -0.01249979161500917 0.174583784708785
+0 +0.9995890139564668 +0.4999999999998347 -0.4999999999998347 -0.9995890139564668 +0 
438* 0 -0.3061347003338049 -0.01009498117559869 -0.001545174971511003 0 -0.09623715063984573
+0.5 +0.02011842171608757 +1.519352314078543 -1.502648243120638 -0.5 -3.149066989351725 
439 0.1202580029305557 0 -0.1202580029305557 -0.1202580029305557 0 0.1202580029305557
+0.5000000000165085 +1.63834422682034 +0.5000000000165085 -0.5000000000165085 -1.63834422682034 -0.5000000000165085 
440 0.1084731011399283 0.06007062975416638 -0.3968137340613107 0.05972627227312145 0.06007062975416638 0.1084731011399283
+0.4999999999724978 +0.9992733718663238 +0 +0 -0.9992733718663238 -0.4999999999724978 
441 0.02951015524089676 0.02949219111436911 0.02645096931475198 -0.1413964760991389 0.02949219111436911 0.02645096931475198
+0 +1.00001076289805 +2.175681272817199 +0 -1.00001076289805 -2.175681272817199 
442 0.2684852150822768 0.278250484345293 -0.2029277188288373 -0.8905436800263021 0.2684852150822768 0.278250484345293
+0.5000000170789662 +1.53608075433991 +0 +0 -0.5000000170789662 -1.53608075433991 
443 0.2341375788472868 0.2443479125256766 -0.9075823301658872 -0.04938865258003968 0.2341375788472868 0.2443479125256766
+0.5000000047295714 +1.540457123121714 +0 +0 -0.5000000047295714 -1.540457123121714 
444 0.4338888978252274 0.4533183001412506 -0.8872071979664781 -0.8872071979664781 0.4338888978252274 0.4533183001412506
+0.5000010414564424 +1.515357164180894 +0.5135824263149844 -0.5135824263149844 -0.5000010414564424 -1.515357164180894 
445 0.05483439600661502 0.05555485332142481 -0.4717271720195944 0.05483439600661502 0.2509486733635148 0.05555485332142481
+0.5000000000000003 +1.559122025830833 +0 -0.5000000000000003 +0 -1.559122025830833 
446 0.159739455810201 0.1759852015301786 -0.9299074311224191 0.159739455810201 0.25845811644166 0.1759852015301786
+0.5000000000662517 +1.539487905186214 +0 -0.5000000000662517 +0 -1.539487905186214 
447 0.06771941835735652 -0.08252677051045507 -0.069143359608554 -0.08252677051045507 -0.069143359608554 0.2356208418806616
+0 +0.5000000000000747 +1.574525031022693 -0.5000000000000747 -1.574525031022693 +0 
448 -0.001879356028067085 0 0 0.001879356028067085 0 0
+0 +1.000077869264048 +2.177728099435063 +0 -1.000077869264048 -2.177728099435063 
449 -0.03671983563228 -0.04331540869035407 -0.04331540869035407 -0.03671983563228 -0.08081340191565102 0.2408838905609192
+1.578337818489786 +0.5 -0.5 -1.578337818489786 +0 +0 
450 -0.0587177685877269 -0.06369858781925303 -0.06370254346907207 -0.06369858781925303 0.3085352562830319 -0.0587177685877269
+2.168888589255617 +1.000009258133162 +0 -1.000009258133162 +0 -2.168888589255617 
451 0.86232516770962 0.4050530687610672 -0.3108479031003332 -0.3228412151350104 -0.3108479031003332 -0.3228412151350104
+0 +0 +0.5000000628160112 +1.530318077675709 -0.5000000628160112 -1.530318077675709 
452 0.2066957652775189 0.105784351538401 0.2059757176129525 -0.830215903580226 0.105784351538401 0.2059757176129525
+0 +0.4999999999850119 +1.000386079688863 +0 -0.4999999999850119 -1.000386079688863 