1* 0 0.2130516065489687 -0.663307251726164 0.6090362339264434 0
-0.5 +0 +0 +0 +0.5 
2 0.6333198665432076 0.2344232742859977 -0.3300772480594603 -0.3300772480594603 -0.2075886447102848
+0 +0 -0.5000933882795136 +0.5000933882795136 +0 
3* 0 0.2557477811324426 -0.6075506988066268 0.01887703363499098 0
-0.4999999999999753 +0 +0 +0 +0.5000000000000248 
4* 0.7451216702548685 0 -0.3543826820796143 0 0.02097653401032133
-0.1070182005495394 +0.5 -0.05438397198701139 -0.5 +1.583498445307782 
5 0.7527148220861333 0 -0.7527148220861333 0 0
+0 +0 +0 +1.000828082942507 -1.000828082942507 
6* 0 0.2701574978614222 -0.5783431401146474 -0.1945093902545939 0
-0.4999999999999967 +0 +0 +0 +0.5000000000000033 
7* 0.5783431401146466 0.1945093902545934 -0.2701574978614227 0 0
+0 +0 +0 -0.5 +0.5 
8* 0.6640209445120485 0.2634167911026947 0 0 0.08653340295986377
-0.1045527903266997 -0.04996410992145967 -0.5000000000000011 +0.4999999999999989 +1.54064836464778 
9* 0 0.2898612098294325 -0.4169313865297218 -0.4169313865297218 0
-0.5 +0 +0.5006665924625303 -0.5006665924625303 +0.5 
10* 0.7015714033121692 0 -0.4876767835077728 -0.4876767835077728 0
+0 -0.5 +0.5016286665657604 -0.5016286665657604 +0.5 
11* 0.5920901533926973 0 0 0.05395079139169593 0.05395079139169593
+0 -0.5 +0.5 -0.5000000000165655 +0.5000000000165655 
12* 0 0.4018630488825115 0.0310504105615305 0.0310504105615305 0
-0.5 +0 +1.546119950066867 -1.546119950066867 +0.5 
13* 0 0.3099575606020814 0 0.0778734883825222 0.08594524700918026
-0.5 -0.05430566679356137 +0.5 -0.03984203749198813 +1.634701823664413 
14* 0.7217195476783489 0 0 -0.1272215932460088 0.05213878086625749
-0.1082059450124701 +0.5 -0.5 -0.04043016200250531 +1.58780149617427 
15* 0.6971176619195505 0 0 0.05835279477818503 0.07799620989059689
-0.1082235556141721 -0.5 +0.5 -0.03953068873804487 +1.571681153562922 
16* 0.5955891298955953 0 0 0.05895367946538443 0.5845724152092424
-0.3008589151668832 -0.5 +0.5 -1.504048665291849 +0.6979622726826378 
17** 5.309022669645812e-010 0.2361239834488158 0 -0.2361239836221051 5.309022669645812e-010
-0.4999999994268323 +0 +0 +0 +0.5000000005731677 
18* 0.877460003087158 0 0 0.003480270857939783 0.3072429275204882
-0.1968071316770763 +0.5 -0.5 +1.503076132690154 +3.322396693541849 
19* 0 0.6640209445120319 0.2634167911026867 0.08653340295993074 0
+0.5000000000000474 +0.1045527903266963 +0.04996410992145672 -1.540648364647703 -0.4999999999999526 
20** 0 0 0 0 0
+0 +0.9985064559545606 -0.5 -0.9985064559545606 +0.5 
21** 0 0 0 0 0
+1.570673436609842 +0.5 -0.5 -1.570673436609842 +0 
22* 0 0 -0.7763509163545809 0 0.7763509163545809
-0.5 +0.5 +0.106151689695858 -1.556186098754221 +0.106151689695858 
23* 0 0.1916276898419795 0.1916347666936969 0 0.123419847762926
-0.5 +0.3076688232784868 -0.6923131929997681 +0.5 +1.652554061426771 
24* 0.8274896849717062 0 0.02604089500975345 0 0.02604089500975345
+0 -0.5 -1.525041318143908 +0.5 +1.525041318143908 
25* 0 0.3360555041247508 -0.3360555041247508 0 0
-0.5 -0.05381930004256345 -0.05381930004256345 +0.5 +1.631911777200001 
26* 0 0.3543826820796143 -0.7451216702548685 0 -0.02097653401032133
-0.5 -0.05438397198701139 -0.1070182005495394 +0.5 +1.583498445307782 
27* 0 0.323018189623256 0 -0.1106856165928567 0.04344145749518996
-0.5 -0.0540442744324542 +0.5 -0.03981318205445346 +1.648396883113105 
28* 0 0 -0.05213878086625749 -0.7217195476783489 0.1272215932460088
-0.5 +0.5 -1.58780149617427 +0.1082059450124701 +0.04043016200250531 
29* 0 0 -0.2130516065489671 -0.6090362339264411 0.6633072517261663
-0.4999999999999831 +0.5000000000000169 +0 +0 +0 
30* 0 0 0 0 0
-0.5 +0.5 +3.147658085972926 -1.519789232337196 +1.502880685454488 
31* 0.7217195476783489 0 -0.1272215932460088 0.05213878086625749 0
+0.1082059450124701 -0.5 +0.04043016200250531 -1.58780149617427 +0.5 
32* 0.1916276898419795 0 0 0.123419847762926 0.1916347666936969
-0.3076688232784868 -0.5 +0.5 -1.652554061426771 +0.6923131929997681 
33* 0.5955891298955953 0 0 0.5845724152092424 0.05895367946538443
+0.3008589151668832 -0.5 +0.5 -0.6979622726826378 +1.504048665291849 
34* 0 0.09978971415648302 0 -0.09978971415648302 0
-0.5 +0.03968569050261839 -1.676984346960351 +0.03968569050261839 +0.5 
35 0.6356403541993637 0.1121078064369287 -0.6308686596892578 0.1121078064369287 -0.2289873073839632
+0 +0.5000000030713232 +0 -0.5000000030713232 +0 
36* 0 0.1106856165928567 -0.04344145749518996 -0.323018189623256 0
-0.5 +0.03981318205445346 -1.648396883113105 +0.0540442744324542 +0.5 
37* 0 0.4876767835077728 0.4876767835077728 -0.7015714033121692 0
-0.5 +0.5016286665657604 -0.5016286665657604 +0 +0.5 
38* 0.7763509163545809 0 0 -0.7763509163545809 0
-0.106151689695858 +0.5 -0.5 -0.106151689695858 +1.556186098754221 
39* 0 0.4169313865297218 0.4169313865297218 -0.2898612098294325 0
-0.5 +0.5006665924625303 -0.5006665924625303 +0 +0.5 
40 0.740483055440972 -0.1022666313918111 -0.2126809777554534 -0.2127677231468538 -0.2127677231468538
+0 +0 +0 -1.009823401696677 +1.009823401696677 
41* 0 0.1811259598903806 0.231443783007765 0.231443783007765 0
-0.5 +0 +0.5000088263925875 -0.5000088263925875 +0.5 
42* 0 0.1761716269706057 0.01962647909022841 0.01962647909022841 0
-0.5 +0 +1.564254184209064 -1.564254184209064 +0.5 
43* 0 -0.1811259598903814 -0.2314437830077689 -0.2314437830077689 0
-0.4999999999999932 +0 +0.5000088263925842 -0.5000088263925908 +0.5000000000000069 
44* 0 -0.0778734883825222 -0.3099575606020814 0 -0.08594524700918026
-0.5 -0.03984203749198813 -0.05430566679356137 +0.5 +1.634701823664413 
45* 0 -0.1761716269706057 -0.01962647909022841 -0.01962647909022841 0
-0.5 +0 +1.564254184209064 -1.564254184209064 +0.5 
46* 0 0 0 0 0
+0.5 +0.05972076179416061 -3.524218991605033 -1.509312252519159 -0.5 
47* 0 -0.09978971415648302 0 0.09978971415648302 0
-0.5 -0.03968569050261839 +0.5 -0.03968569050261839 +1.676984346960351 
48* -0.02604089500975345 -0.8274896849717062 0 -0.02604089500975345 0
+1.525041318143908 +0 -0.5 -1.525041318143908 +0.5 
49* 0 -0.05395079139169593 -0.05395079139169593 -0.5920901533926973 0
-0.5 +0.5000000000165655 -0.5000000000165655 +0 +0.5 
50* 0 -0.5955891298955953 0 -0.5845724152092424 -0.05895367946538443
-0.5 +0.3008589151668832 +0.5 -0.6979622726826378 +1.504048665291849 
51* -0.0310504105615305 -0.4018630488825115 0 -0.0310504105615305 0
+1.546119950066867 +0 -0.5 -1.546119950066867 +0.5 
52* 0 -0.05835279478015067 -0.6971176619231869 0 -0.07799620986278315
-0.5000000000044136 -0.03953068873757937 -0.10822355561134 +0.4999999999955864 +1.571681153561274 
53* 0 -0.323018189623256 0 0.1106856165928567 -0.04344145749518996
-0.5 -0.0540442744324542 +0.5 -0.03981318205445346 +1.648396883113105 
54* 0 -0.1916276898419795 -0.1916347666936969 0 -0.123419847762926
-0.5 +0.3076688232784868 -0.6923131929997681 +0.5 +1.652554061426771 
55* 0 -0.2634167911035776 -0.6640209445136696 0 -0.08653340294784448
-0.5000000000017137 -0.04996410992100598 -0.1045527903255256 +0.4999999999982863 +1.540648364648105 
56* 0 -0.4136628598473457 -0.003984078540949679 0 -0.1812866341465478
-0.5 -0.09293283463935084 +1.506016357788959 +0.5 +3.46931840730935 
57* 0 0 0 0 0
+0.5 -1.502880685454488 +1.519789232337196 -3.147658085972926 -0.5 
58* 0 -0.1106856165928567 0 0.04344145749518996 0.323018189623256
+0.5 +0.03981318205445346 -0.5 -1.648396883113105 +0.0540442744324542 
59* 0 0.04400322638773008 -0.1809629921905535 -0.554629163212512 0
-0.5000000000000331 +0 +0 +0 +0.4999999999999669 
60* 0 0.003984078540949679 0.4136628598473457 0.1812866341465478 0
+0.5 -1.506016357788959 +0.09293283463935084 -3.46931840730935 -0.5 
61* 0 0.003480270857939783 0.877460003087158 0.3072429275204882 0
+0.5 -1.503076132690154 +0.1968071316770763 -3.322396693541849 -0.5 
62* 0 0.1272215932460088 -0.7217195476783489 0 -0.05213878086625749
-0.5 -0.04043016200250531 -0.1082059450124701 +0.5 +1.58780149617427 
63* 0 0.3478330735562071 0 -0.05443302154374204 0.3478330735562071
-0.5 -0.500206686398206 +0.5 +0 +0.500206686398206 
64* 0 0.002554642558164151 0.1789267267712745 0.08349236319298881 0
+0.5 -1.508404466196596 +0.06617274652686006 -3.513097938798841 -0.5 
65* 0.1809629921905559 0.5546291632125152 -0.04400322638772782 0 0
+0 +0 +0 -0.5000000000000093 +0.4999999999999906 
66* 0 0.6075506988066304 0 -0.2557477811324399 -0.01887703363498855
-0.4999999999999744 +0 +0.5000000000000255 +0 +0 
67** 0 0.6389645150194592 -0.6389645150194592 0 0
-0.5 +0 +0 +0 +0.5 
68* 0 0.6971176619195505 0.05835279477818503 0.07799620989059689 0
+0.5 +0.1082235556141721 +0.03953068873804487 -1.571681153562922 -0.5 
69 0.3267738532087732 0.3303055468044477 0.3303055468044477 -0.7035913335790516 -0.283793613238617
+0 +1.00097924389575 -1.00097924389575 +0 +0 
70 0.2145996964332349 0.223120389151243 0.223120389151243 -0.648132093473335 -0.01270838126238578
+0 +0.5000034120609019 -0.5000034120609019 +0 +0 
71 0.212520120352343 0.4424217393975669 0.4424217393975669 -0.5486817995737384 -0.5486817995737384
+0 +0.5007268242921042 -0.5007268242921042 -0.5027273684570531 +0.5027273684570531 
72 0.2075886447102848 0.3300772480594603 -0.6333198665432076 0.3300772480594603 -0.2344232742859977
+0 +0.5000933882795136 +0 -0.5000933882795136 +0 
73 0.3261307914130116 0 -0.3261307914130116 0 0
+0 +1.004146531850273 +0 +0 -1.004146531850273 
74 0.2655016285448089 0.2679803433077646 -0.0757217696946457 0.2679803433077646 -0.7257405454656923
+0 +1.003390889988264 +0 -1.003390889988264 +0 
75 0.4480029781700405 0.4510028827574147 -0.675004371842435 0.4510028827574147 -0.675004371842435
+0 +0.9969246814443495 +0.506526446939028 -0.9969246814443495 -0.506526446939028 
76 0.322858035179365 -0.05366395160992181 -0.07250253481645012 -0.07250253481645012 -0.1241890139365429
+0 +0 +1.018710022129223 -1.018710022129223 +0 
77 0.3278893551695793 0.1411884540764237 -0.7483886598722122 0.1411884540764237 0.1381223965497855
+0 +0.9979551139621755 +0 -0.9979551139621755 +0 
78* 0.3099575606020814 0.0778734883825222 0.08594524700918026 0 0
+0.05430566679356137 +0.03984203749198813 -1.634701823664413 -0.5 +0.5 
79 0.2289873073839632 -0.1121078064369287 -0.1121078064369287 0.6308686596892578 -0.6356403541993637
+0 +0.5000000030713232 -0.5000000030713232 +0 +0 
80 0.4096918570457551 -0.1001743136346124 -0.1046716148882652 -0.1046716148882652 -0.1001743136346124
+0 +1.551938999806667 +0.5000000000243595 -0.5000000000243595 -1.551938999806667 
81 0.648132093473335 -0.2145996964332349 -0.223120389151243 0.01270838126238578 -0.223120389151243
+0 +0 +0.5000034120609019 +0 -0.5000034120609019 
82* 0 0.05443302154374113 -0.3478330735562102 -0.3478330735562102 0
-0.4999999999999871 +0 +0.5002066863982005 -0.5002066863982114 +0.5000000000000129 
83 0.623492239903063 -0.4335582387106622 0.01278283743442461 0.2308414000838368 -0.4335582387106622
+0 +0.5007152140797989 +0 +0 -0.5007152140797989 
84 0.7483886598722122 -0.1411884540764237 -0.1381223965497855 -0.1411884540764237 -0.3278893551695793
+0 +0.9979551139621755 +0 -0.9979551139621755 +0 
85 0.283793613238617 -0.3303055468044477 -0.3303055468044477 0.7035913335790516 -0.3267738532087732
+0 +1.00097924389575 -1.00097924389575 +0 +0 
86 0.7257405454656923 -0.2679803433077646 -0.2655016285448089 0.0757217696946457 -0.2679803433077646
+0 +1.003390889988264 +0 +0 -1.003390889988264 
87 0.2162013060545314 -0.2162013060545314 -0.5980869949893244 0.5980869949893244 0
+0 +0 +0 +0 +0 
88* 0.4136628598473457 0 0 0.003984078540949679 0.1812866341465478
-0.09293283463935084 +0.5 -0.5 +1.506016357788959 +3.46931840730935 
89* 0.1789267267712745 0 0 0.002554642558164151 0.08349236319298881
-0.06617274652686006 +0.5 -0.5 +1.508404466196596 +3.513097938798841 
90* 0 -0.3099575606020814 0 -0.08594524700918026 -0.0778734883825222
-0.5 +0.05430566679356137 +0.5 -1.634701823664413 +0.03984203749198813 
91* 0 -0.3360555041247508 0 0 0.3360555041247508
-0.5 +0.05381930004256345 +0.5 -1.631911777200001 +0.05381930004256345 
92* 0 -0.877460003087158 -0.003480270857939783 0 -0.3072429275204882
+0.5 -0.1968071316770763 +1.503076132690154 -0.5 +3.322396693541849 
93* 0 -0.1916276898419795 0 -0.123419847762926 -0.1916347666936969
+0.5 -0.3076688232784868 -0.5 -1.652554061426771 +0.6923131929997681 
94* 0.3543826820796166 0 -0.7451216702548635 -0.0209765340103498 0
+0.05438397198700976 -0.499999999999994 +0.1070182005495403 -1.583498445307771 +0.500000000000006 
95* 0.7451216702548685 0 -0.3543826820796143 0.02097653401032133 0
+0.1070182005495394 -0.5 +0.05438397198701139 -1.583498445307782 +0.5 
96* 0 -0.002554642558164151 -0.08349236319298881 0 -0.1789267267712745
+0.5 -1.508404466196596 -3.513097938798841 -0.5 +0.06617274652686006 
97* 0 -0.003480270857939783 -0.3072429275204882 0 -0.877460003087158
+0.5 -1.503076132690154 -3.322396693541849 -0.5 +0.1968071316770763 
98* 0 -0.003984078540949679 -0.1812866341465478 0 -0.4136628598473457
+0.5 -1.506016357788959 -3.46931840730935 -0.5 +0.09293283463935084 
99* 0 0 -0.2634167911026932 -0.08653340295988196 -0.664020944512046
+0.5 -0.5 +0.04996410992146021 -1.540648364647778 +0.1045527903267013 
100* 0 0 -0.5845724152092424 -0.05895367946538443 -0.5955891298955953
+0.5 -0.5 +0.6979622726826378 -1.504048665291849 -0.3008589151668832 
101* 0 0 -0.6971176619195505 -0.07799620989059689 -0.05835279477818503
+0.5 -0.5 +0.1082235556141721 -1.571681153562922 +0.03953068873804487 
102 0.1360304595675873 0.1305534898055031 -0.3121134771806478 0.1305534898055031 -0.08502396199794567
+0 +1.002604732923145 +0 -1.002604732923145 +0 
103 0.1046716148882652 0.1001743136346124 -0.4096918570457551 0.1001743136346124 0.1046716148882652
+0.5000000000243595 +1.551938999806667 +0 -1.551938999806667 -0.5000000000243595 
104 0.2109861718219747 0.2223863707139888 -0.8667450850719268 0.2109861718219747 0.2223863707139888
+0.5000000114787029 +1.534601783486483 +0 -0.5000000114787029 -1.534601783486483 
105 0.04780876791438932 0.04149475280625662 -0.1786070414412919 0.04149475280625662 0.04780876791438932
+0.5000000000000155 +1.565237125488797 +0 -1.565237125488797 -0.5000000000000155 
106 0.5486817995737384 -0.212520120352343 -0.4424217393975669 0.5486817995737384 -0.4424217393975669
+0.5027273684570531 +0 -0.5007268242921042 -0.5027273684570531 +0.5007268242921042 
107 0.5625350690371811 -0.2435492926970917 -0.2435492926970917 0.5625350690371811 -0.6379715526801789
+0.5031303235013137 +0.5000035774849904 -0.5000035774849904 -0.5031303235013137 +0 
108 0.675004371842435 -0.4510028827574147 -0.4480029781700405 0.675004371842435 -0.4510028827574147
+0.506526446939028 +0.9969246814443495 +0 -0.506526446939028 -0.9969246814443495 
109 0.5141321578742302 -0.5141321578742302 0 0.5141321578742302 -0.5141321578742302
+0.5019148439636094 +0.5019148439636094 +0 -0.5019148439636094 -0.5019148439636094 
110 0.4335582387106622 -0.2308414000838368 -0.623492239903063 0.4335582387106622 -0.01278283743442461
+0.5007152140797989 +0 +0 -0.5007152140797989 +0 
111 0.07250253481645012 0.05366395160992181 -0.322858035179365 0.07250253481645012 0.1241890139365429
+1.018710022129223 +0 +0 -1.018710022129223 +0 
112 0 0 -0.1191711055214383 0 0.1191711055214383
+0 +1.044606753806319 +0 -1.044606753806319 +0 
113 0.1022666313918111 0.2127677231468538 -0.740483055440972 0.2127677231468538 0.2126809777554534
+0 +1.009823401696677 +0 -1.009823401696677 +0 
114 0 0 0 0 0
+2.163766883029608 +1.000014800380875 +0 -2.163766883029608 -1.000014800380875 
115 0.2435492926970917 -0.5625350690371811 -0.5625350690371811 0.2435492926970917 0.6379715526801789
+0.5000035774849904 +0.5031303235013137 -0.5031303235013137 -0.5000035774849904 +0 
116 -0.2223863707139888 -0.2109861718219747 -0.2223863707139888 0.8667450850719268 -0.2109861718219747
+1.534601783486483 +0.5000000114787029 -1.534601783486483 +0 -0.5000000114787029 
117 -0.04149475280625662 -0.04780876791438932 -0.04780876791438932 0.1786070414412919 -0.04149475280625662
+1.565237125488797 +0.5000000000000155 -0.5000000000000155 +0 -1.565237125488797 
118* -0.1789267267712745 0 -0.08349236319298881 0 -0.002554642558164151
-0.06617274652686006 +0.5 +3.513097938798841 -0.5 +1.508404466196596 
119* 0 0 0 0 0
+0.5 +1.500281708754135 +6.750123843735816 -0.5 +2.652226271641524 
120 -0.1305534898055031 -0.1360304595675873 -0.1305534898055031 0.3121134771806478 0.08502396199794567
+1.002604732923145 +0 -1.002604732923145 +0 +0 
121* 0 0 0 0 0
-1.500281708754135 -2.652226271641524 -6.750123843735816 +0.5 -0.5 
122* 0 0 0 0 0
-0.5 -0.05972076179416061 +0.5 +1.509312252519159 +3.524218991605033 