1 0.4553219436137536 0.4560170841528887 -1.12255785962942 0.4553219436137536
+0.999381921310647 +0 +0 -0.999381921310647 
2 0.4720701327413316 0.1505694153262281 0.1505694153262281 0.1506925040312723
+0 -0.9996999522526483 +0.9996999522526483 +0 
3 0.586271681796948 -0.9438098627764283 -0.9438098627764283 -0.981221494752618
+0 -1.002907868576323 +1.002907868576323 +0 
4 0.5366258424386472 -0.3829209200544308 -0.3829209200544308 -0.3830388020772623
+0 -0.9992877055748751 +0.9992877055748751 +0 
5 0.9508417415141514 -0.2087276014743923 -0.2087276014743923 0.9508417415141514
+0.5299543198097129 -0.5000000509081224 +0.5000000509081224 -0.5299543198097129 
6 0.4549873969507496 -0.4290781966976691 -0.4290781966976691 0.2001555439428717
+0 -0.4998755913612831 +0.4998755913612831 +0 
7* 0 -0.388514010917249 -0.388514010917249 0
-0.5 -0.4999262865131274 +0.4999262865131274 +0.5 
8 0.4748433364450399 -0.3354866777117164 -0.3354866777117164 -0.1509270365849831
+0 -0.4999828866825255 +0.4999828866825255 +0 
9 0.5279402400538217 -0.2883245657988753 -0.8460607049424037 -0.8460607049424037
+0 +0 +0.5225840123089102 -0.5225840123089102 
10 0.9599722652485646 -0.186508760523626 -0.4352600280926272 -0.008646331643712008
+0 +0 +0 +0 
11 0.5357388916594742 -0.6948401634326311 -0.6559758217133365 -0.6559758217133365
+0 +0 +0.5058824442514724 -0.5058824442514724 
12 0.4603047821560358 -0.9138404922638975 -0.1501596278167143 0.02332480649052299
+0 +0 +0 +0 
13* 1.01564600749731 -1.01564600749731 0 0
+0 +0 +0.5 -0.5 
14 0.7230233636191242 -1.129081987068897 0.694940517701938 0.7230233636191242
+0.5100848001733566 +0 +0 -0.5100848001733566 
15 0.2971262836315567 -0.09860873191102543 0.2976396519297503 0.2976396519297503
+0 +0 -0.999461750664151 +0.999461750664151 
16 0.7485340663269097 0.7827683965962973 0.7485340663269097 0.3941243778951408
+0.9872128661529726 +0 -0.9872128661529726 +0 
17 0.492412838031395 -0.9556775754787409 -0.9556775754787409 0.2297353496713392
+0 +0.531226149699618 -0.531226149699618 +0 
18* 0 -0.8908613308692277 -0.8908613308692277 0
-0.5 +0.5254030903193986 -0.5254030903193986 +0.5 
19 0.5178139847510015 -0.89636097885084 -0.89636097885084 -0.1004304126687188
+0 +0.5266556939806192 -0.5266556939806192 +0 
20 0.5066468682935906 -0.9283066044684757 -0.9283066044684757 0.05830904994603553
+0 +0.5291129617089564 -0.5291129617089564 +0 
21 0.9209998860411981 0.007445102188610103 -0.04072817206043076 0.007445102188610103
+0 -0.5 +0 +0.5 
22 0.9556775754787409 0.9556775754787409 -0.492412838031395 -0.2297353496713392
+0.531226149699618 -0.531226149699618 +0 +0 
23 1.03157436631377 1.03157436631377 -0.4272187549369468 -1.011090128906086
+0.5377925085138517 -0.5377925085138517 +0 +0 
24* 0.8908613308692277 0.8908613308692277 0 0
+0.5254030903193986 -0.5254030903193986 -0.5 +0.5 
25 0.8770551427288001 0.9109555044605031 0.8770551427288001 -0.1321826189894156
+0.9978936721935972 +0 -0.9978936721935972 +0 
26 0.9160796133295714 0.9416176504741757 0.9416176504741757 0.9160796133295714
+1.450940242564095 +0.501403263230117 -0.501403263230117 -1.450940242564095 
27 0.8101091024658031 0.8423551422133321 0.8101091024658031 0.1816921053521013
+0.9931500052129556 +0 -0.9931500052129556 +0 
28 0.6975288047305447 0.566528501442342 -0.0921809643003968 0.566528501442342
+0 -0.5023889749986868 +0 +0.5023889749986868 
29* 1.041748865525907 0 0.004358759561427538 0
+0.1296168876476219 -0.5 -1.505507930501231 +0.5 
30 0.8470216721117163 0.8470216721117163 0.8798759046212131 0.02157775121673656
+0.9958089552091829 -0.9958089552091829 +0 +0 
31 1.003261974316687 1.044891929096492 1.003261974316687 -1.216503287781847
+1.008375993981213 +0 -1.008375993981213 +0 
32 0.9070591666883197 0.9423614647559504 0.9070591666883197 -0.3133868417386618
+1.000046002712609 +0 -1.000046002712609 +0 
33 0.3362493714423905 0.3360318743294373 -0.2766098810234569 0.3362493714423905
+0.9993517507336978 +0 +0 -0.9993517507336978 
34 0.8314100302424147 -0.08231533761432483 0.8314100302424147 0.08491440669929189
+0.5213918463017085 +0 -0.5213918463017085 +0 
35 1.016856466519811 -0.377750471091138 0.01522591786442913 -0.9101188205724269
+0 +0 +0 +0 
36* 0.4707445977608088 -0.9742224153191718 0 0
+0 +0 -0.5 +0.5 
37 0.3980231432508481 -0.2244823809735166 0.1799725950009224 0.1799725950009224
+0 +0 -0.4999999638562224 +0.4999999638562224 
38 0.9438098627764283 0.9438098627764283 0.981221494752618 -0.586271681796948
+1.002907868576323 -1.002907868576323 +0 +0 
39* 0 -0.4034876896971937 -0.1546966060026648 0
-0.5 +0 +0 +0.5 
40 0.4272945057154192 -0.4272945057154192 -0.1793374003754359 0.1793374003754359
+0 +0 +0 +0 
41 0.4796784435979139 -0.2359675554008808 -0.2359675554008808 -0.4008125633038011
+0 -0.4999994884679476 +0.4999994884679476 +0 
42 0.4667834763024378 -0.3908719518872834 -0.3908719518872834 0.02493068177791868
+0 -0.4999379633011619 +0.4999379633011619 +0 
43 0.9792989179548889 0.9792989179548889 -1.079391695388221 -0.04221562745511581
+0.533800279419175 -0.533800279419175 +0 +0 
44 0.4008125633038011 0.2359675554008808 -0.4796784435979139 0.2359675554008808
+0 -0.4999994884679476 +0 +0.4999994884679476 
45 0.8952084840213713 0.8952084840213713 -0.2527401233810498 -0.06836349893277827
+0.5263877927666074 -0.5263877927666074 +0 +0 
46 0.7775290433830298 0.7775290433830298 0.2733007157319347 -0.08854747743558412
+0.5170586278808315 -0.5170586278808315 +0 +0 
47 0.4581379125202619 -0.3703384994464926 -0.894952405839857 0.203123892310397
+0 +0 +0 +0 
48 0.4839137743725219 -0.3507148732970873 -0.8520180298658602 -0.1328260077474263
+0 +0 +0 +0 
49 0.9487812892622199 -1.098520178464685 0.9487812892622199 0.1139214259646326
-0.5315063556584333 +0 +0.5315063556584333 +0 
50 0.4352600280926272 -0.9599722652485646 0.186508760523626 0.008646331643712008
+0 +0 +0 +0 
51 0.9704069411911774 -0.9704069411911774 0.1723800721632705 -0.1723800721632705
+0 +0 +0 +0 
52 0.9283066044684757 -0.05830904994603553 -0.5066468682935906 0.9283066044684757
+0.5291129617089564 +0 +0 -0.5291129617089564 
53 0.8501445238383489 0.5968818264249395 0.6044041598733865 0.6044041598733865
+0 +0 -1.016169453616462 +1.016169453616462 
54* 0 -0.1795595334248992 0.00967484217561891 0
+0.5 +0 +0 -0.5 
55 0.3830388020772623 0.3829209200544308 0.3829209200544308 -0.5366258424386472
+0 -0.9992877055748751 +0.9992877055748751 +0 
56 0.4030353077334993 -0.01791684717499287 -0.2015488568542923 0.1611342695655171
+0 +0 +0 +0 
57 0.8621096083667253 -0.2605903094518637 0.8621096083667253 0.09168947607944079
-0.5238181196696451 +0 +0.5238181196696451 +0 
58* 0 -0.4707445977608088 0.9742224153191718 0
+0.5 +0 +0 -0.5 
59 0.4885853885030623 -0.1199880975858825 -0.1199880975858825 -0.9420214234751926
+0 -0.4999999997493271 +0.4999999997493271 +0 
60 0.3971148148333603 0.03834279366764776 0.03834279366764776 0.1492396839697251
+0 -0.4999999999999981 +0.4999999999999981 +0 
61* 0 0.2533890961966528 0.004443570750340546 0
-0.5 -0.04698581394447404 +1.512362325505386 +0.5 
62* 0.8953731837957911 0 0.1317845651645025 0
+0 -0.5 +0 +0.5 
63* 0 0 0 0
-0.5 -1.506031967288627 +1.506031967288627 +0.5 
64* 0.4034876896971937 0.1546966060026648 0 0
+0 +0 +0.5 -0.5 
65 0.4159156620974862 -0.4409313783238635 0.1711481237153983 -0.007672378177761037
+0 +0 +0 +0 
66* 0.8545434223591055 0.3448491226359076 0 0
+0 +0 -0.5 +0.5 
67 0.8420165721639077 0.8420165721639077 0.1423592767203736 0.1423592767203736
+0.5221801042479438 -0.5221801042479438 -0.5000000012931681 +0.5000000012931681 
68* 0 0.02145477119694142 -0.418573016202653 0
-0.5 +0 +0 +0.5 
69* 0.4323002399289081 0 0 -0.202076733024212
+0 +0.5 -0.5 +0 
70* 0.9228351227649791 -0.03972317899348322 0 0
+0 +0 -0.5 +0.5 
71* 0.418573016202653 0 -0.02145477119694142 0
+0 +0.5 +0 -0.5 
72* 0 0.4477878906621428 0 -0.4477878906621428
-0.5 +0 +0.5 +0 
73 0.2590109326544109 0.2600125518941547 0.2600125518941547 0.05815903025691604
+0 +0.9996372522117748 -0.9996372522117748 +0 
74* 0 0 0.005550719392843959 0.5018889319484206
+0.5 -0.5 +1.50904143908808 -0.06636714670354445 
75* 0 0.2533890961966528 0 0.004443570750340546
-0.5 +0.04698581394447404 +0.5 -1.512362325505386 
76* 0.9470620092950273 0 -0.2202863985421343 0
+0 +0.5 +0 -0.5 
77 0.3675496518871398 0.1476451669415035 -1.037402600278136 0.8868922030565369
+0 +0 +0 +0 
78 0.3507148732970873 0.1328260077474263 -0.4839137743725219 0.8520180298658602
+0 +0 +0 +0 
79 1.005967279874205 0.04956871437623339 0.04948953972088052 0.04956871437623339
+0 +0.9999774355789108 +0 -0.9999774355789108 
80 0.2259598622030254 -0.8524141039276717 -0.3496547945082115 0.04196146278443874
+0 +0 +0 +0 
81* 0 0.2202863985421343 -0.9470620092950273 0
-0.5 +0 +0 +0.5 
82 0.4464571101447638 0.1944189317817121 -0.9346400448483491 -0.157831295367351
+0 +0 +0 +0 
83 1.098520178464685 -0.1139214259646326 -0.9487812892622199 -0.9487812892622199
+0 +0 +0.5315063556584333 -0.5315063556584333 
84 0.9298494838817594 0.06665045859977381 -0.2292999704890687 0.06665045859977381
+0 +0.4999999999994863 +0 -0.4999999999994863 
85 0.3395174988706608 0.1231782311552703 -0.2344133403077608 0.8294860176561363
+0 +0 +0 +0 
86 0.9654305491701252 0.1800605873198906 -1.055169277694199 0.1800605873198906
+0 +0.4999999856471873 +0 -0.4999999856471873 
87 0.894952405839857 -0.203123892310397 -0.4581379125202619 0.3703384994464926
+0 +0 +0 +0 
88* 0 0.07861758972929084 0.001677115510647891 0
+0.5 -0.0401922715500374 +1.514327460654573 -0.5 
89 0.6948401634326311 0.6559758217133365 -0.5357388916594742 0.6559758217133365
+0 +0.5058824442514724 +0 -0.5058824442514724 
90 0.9346400448483491 -0.4464571101447638 -0.1944189317817121 0.157831295367351
+0 +0 +0 +0 
91 0.3869979820020699 0.9295565192506565 -0.1806798686667067 -0.9912444160480611
+0 +0 +0 +0 
92 1.011090128906086 0.4272187549369468 -1.03157436631377 -1.03157436631377
+0 +0 +0.5377925085138517 -0.5377925085138517 
93 0.9480850104199446 0.3978521760164939 -0.5117834831165714 -0.5117834831165714
+0 +0 +0.4995966742669557 -0.4995966742669557 
94 0.8750675096541787 0.3608728263438089 -0.4722086745718687 -0.03166073069544852
+0 +0 +0 +0 
95 0.4076282274755359 0.3031198739621256 -1.035817233948046 0.3031198739621256
+0 -0.4999949309803545 +0 +0.4999949309803545 
96 0.9496686956332134 0.3969680639294287 -0.9496686956332134 -0.3969680639294287
+0 +0 +0 +0 
97* 0 0 -0.8545434223591055 -0.3448491226359076
-0.5 +0.5 +0 +0 
98* 0 0 -0.9228351227649791 0.03972317899348322
-0.5 +0.5 +0 +0 
99 0.7395424627051003 0.07296065265429777 0.7395424627051003 0.2673839592850168
+0.5141753709455494 +0 -0.5141753709455494 +0 
100 0.8780082496211548 -0.1058969705952919 0.3593548250714717 -0.1058969705952919
+0 +0.5000000000660196 +0 -0.5000000000660196 
101* 0.1899512540794975 -0.1899512540794975 0 0
+0 +0 -0.5 +0.5 
102 0.8524141039276717 -0.2259598622030254 -0.04196146278443874 0.3496547945082115
+0 +0 +0 +0 
103* 0 -0.2533890961966528 -0.004443570750340546 0
+0.5 +0.04698581394447404 -1.512362325505386 -0.5 
104 0.9101188205724269 -1.016856466519811 0.377750471091138 -0.01522591786442913
+0 +0 +0 +0 
105 0.3299841165270367 -0.05727818466532485 0.115359757844647 0.8096154926049387
+0 +0 +0 +0 
106* 1.041748865525907 0 0.004358759561427538 0
-0.1296168876476219 +0.5 +1.505507930501231 -0.5 
107 0.717003866135503 0.4173764305780219 0.272319255269157 0.4173764305780219
+0 +0.5002101178531696 +0 -0.5002101178531696 
108 0.6953696258919102 0.6099474177924285 0.6099474177924285 -0.2732081408070576
+0 -0.5038282556684115 +0.5038282556684115 +0 
109* 0.2020767330241269 0 0 -0.4323002399290059
+0 +0.5000000000012067 -0.4999999999987933 +0 
110 0.2015488568542923 0.01791684717499287 -0.1611342695655171 -0.4030353077334993
+0 +0 +0 +0 
111* 0 0.07861758972929084 0.001677115510647891 0
+0.5 +0.0401922715500374 -1.514327460654573 -0.5 
112* 0 0 0 0
+0.5 -2.676431658192693 -1.500237500854323 -0.5 
113* 0 -0.07861758972929084 0 -0.001677115510647891
+0.5 -0.0401922715500374 -0.5 +1.514327460654573 
114* 0.5018889319484206 0 0 0.005550719392843959
+0.06636714670354445 -0.5 +0.5 -1.50904143908808 
115* 0 0 -0.2533890961966528 -0.004443570750340546
+0.5 -0.5 -0.04698581394447404 +1.512362325505386 
116* 0.388514010917249 0.388514010917249 0 0
+0.4999262865131274 -0.4999262865131274 -0.5 +0.5 
117 0.9005203153477888 -1.11560220867589 0.9005203153477888 0.3010731630971505
+0.5276467024256679 +0 -0.5276467024256679 +0 
118 0.3978270016627218 -1.02503010475269 0.3978270016627218 0.1602061802090532
+0.4999337576965126 +0 -0.4999337576965126 +0 
119 0.4808962900222432 -0.9869887785639516 0.4808962900222432 -0.1799672236539072
+0.4997283531464427 +0 -0.4997283531464427 +0 
120 0.5117834831165714 -0.9480850104199446 0.5117834831165714 -0.3978521760164939
+0.4995966742669557 +0 -0.4995966742669557 +0 
121 0.1649901062891282 -0.9958648221919417 0.9500938740500948 -0.00700063076683142
+0 +0 +0 +0 
122 0.2605903094518637 -0.09168947607944079 -0.8621096083667253 -0.8621096083667253
+0 +0 +0.5238181196696451 -0.5238181196696451 
123 0.223025676006118 -0.1463973186376341 -0.2848986297766548 -0.2848986297766548
+0 +0 +0.4999957845884819 -0.4999957845884819 
124 0.2848986297766548 0.1463973186376341 -0.223025676006118 0.2848986297766548
+0.4999957845884819 +0 +0 -0.4999957845884819 
125 0.2344133403077608 -0.1231782311552703 -0.8294860176561363 -0.3395174988706608
+0 +0 +0 +0 
126 0.2732081408070576 -0.6953696258919102 -0.6099474177924285 -0.6099474177924285
+0 +0 -0.5038282556684115 +0.5038282556684115 
127 0.267943810358091 -0.8100573134846797 -0.8100573134846797 -0.2799275810207179
+0 +0.5196048958665781 -0.5196048958665781 +0 
128 0.2527401233810498 -0.8952084840213713 -0.8952084840213713 0.06836349893277827
+0 +0.5263877927666074 -0.5263877927666074 +0 
129 0.5934829839517729 -1.034446387622576 -1.034446387622576 0.5934829839517729
+0.4990338479275692 +0.537189218128052 -0.537189218128052 -0.4990338479275692 
130 0.3354866777117164 0.1509270365849831 0.3354866777117164 -0.4748433364450399
+0.4999828866825255 +0 -0.4999828866825255 +0 
131 0.2292999704890687 -0.06665045859977381 -0.9298494838817594 -0.06665045859977381
+0 +0.4999999999994863 +0 -0.4999999999994863 
132* 0 -0.004358759561427538 -1.041748865525907 0
+0.5 +1.505507930501231 -0.1296168876476219 -0.5 
133 0.4290781966976691 -0.4549873969507496 0.4290781966976691 -0.2001555439428717
+0.4998755913612831 +0 -0.4998755913612831 +0 
134 0.1501596278167143 -0.4603047821560358 0.9138404922638975 -0.02332480649052299
+0 +0 +0 +0 
135 0.8460607049424037 -0.5279402400538217 0.2883245657988753 0.8460607049424037
+0.5225840123089102 +0 +0 -0.5225840123089102 
136 0.512687160517441 0.0718085457480409 0.7030347309214391 0.512687160517441
+0.501176379198464 +0 +0 -0.501176379198464 
137* 0 0 0 0
+0.5 +2.676431658192693 +1.500237500854323 -0.5 
138 0.2185835871285864 -0.3472936264677315 0.03247889845495119 -0.3472936264677315
+0 +0.4999752033987566 +0 -0.4999752033987566 
139* 0.1795595334248992 0 -0.00967484217561891 0
+0 +0.5 +0 -0.5 
140 0.2261408197622231 -0.03838028560051501 0.2261408197622231 0.1451918567057438
+0.4999995198716509 +0 -0.4999995198716509 +0 
141 0.446957244452047 -0.01156345043490623 0.446957244452047 -1.009424322297924
+0.4998358933687895 +0 -0.4998358933687895 +0 
142 0.3908719518872834 -0.02493068177791868 0.3908719518872834 -0.4667834763024378
+0.4999379633011619 +0 -0.4999379633011619 +0 
143* 0 -0.5018889319484206 -0.005550719392843959 0
-0.5 -0.06636714670354445 +1.50904143908808 +0.5 
144 0.5137119304322965 -0.5137119304322965 0.5137119304322965 -0.5137119304322965
+0.4996020494993916 -0.4996020494993916 -0.4996020494993916 +0.4996020494993916 
145 0.4215101399397064 -0.1135592672734184 0.4215101399397064 -0.1135592672734184
+0.4998824532275958 -0.5000000001460593 -0.4998824532275958 +0.5000000001460593 
146 0.3133868417386618 -0.9070591666883197 -0.9070591666883197 -0.9423614647559504
+0 -1.000046002712609 +1.000046002712609 +0 
147 0.2766098810234569 -0.3362493714423905 -0.3362493714423905 -0.3360318743294373
+0 -0.9993517507336978 +0.9993517507336978 +0 
148 0.2222212728233151 0.2152200211605429 0.2152200211605429 0.2222212728233151
+0.0101550039201847 -0.9975754611537443 +0.9975754611537443 -0.0101550039201847 
149 0.8100573134846797 -0.267943810358091 0.8100573134846797 0.2799275810207179
+0.5196048958665781 +0 -0.5196048958665781 +0 
150 0.05314099364876602 -0.1388697703843911 -0.9078512426287784 0.05314099364876602
+0.5000000000000436 +0 +0 -0.5000000000000436 
151 0.2244823809735166 -0.3980231432508481 -0.1799725950009224 -0.1799725950009224
+0 +0 -0.4999999638562224 +0.4999999638562224 
152 -0.05815903025691604 -0.2600125518941547 -0.2600125518941547 -0.2590109326544109
+0 +0.9996372522117748 -0.9996372522117748 +0 
153 0.2949427599087662 0.303328810957686 0.303328810957686 0.2949427599087662
+0.4999999883161788 +1.499899967323161 -1.499899967323161 -0.4999999883161788 
154 -0.02157775121673656 -0.8470216721117163 -0.8470216721117163 -0.8798759046212131
+0 +0.9958089552091829 -0.9958089552091829 +0 
155 0.1388697703843911 -0.05314099364876602 -0.05314099364876602 0.9078512426287784
+0 +0.5000000000000436 -0.5000000000000436 +0 
156 -0.07296065265429777 -0.7395424627051003 -0.2673839592850168 -0.7395424627051003
+0 -0.5141753709455494 +0 +0.5141753709455494 
157 0.1135592672734184 -0.4215101399397064 -0.4215101399397064 0.1135592672734184
+0.5000000001460593 -0.4998824532275958 +0.4998824532275958 -0.5000000001460593 
158 0.1799672236539072 -0.4808962900222432 -0.4808962900222432 0.9869887785639516
+0 -0.4997283531464427 +0.4997283531464427 +0 
159 -0.0718085457480409 -0.512687160517441 -0.512687160517441 -0.7030347309214391
+0 +0.501176379198464 -0.501176379198464 +0 
160 0.2087276014743923 -0.9508417415141514 -0.9508417415141514 0.2087276014743923
+0.5000000509081224 +0.5299543198097129 -0.5299543198097129 -0.5000000509081224 
161 0.2066655775698125 -1.004912165158696 -1.004912165158696 1.054095567870132
+0 +0.5357223072683208 -0.5357223072683208 +0 
162* -0.07861758972929084 0 -0.001677115510647891 0
+0.0401922715500374 +0.5 -1.514327460654573 -0.5 
163 -0.03834279366764776 -0.1492396839697251 -0.03834279366764776 -0.3971148148333603
+0.4999999999999981 +0 -0.4999999999999981 +0 
164* 0 -0.8953731837959834 0 -0.1317845651646107
+0.4999999999983152 +0 -0.5000000000016848 +0 
165 0.2169100426974832 -0.8903746067508667 -0.1405255577433988 0.03354406278255772
+0 +0 +0 +0 
166* 0 -0.005550719392843959 -0.5018889319484206 0
+0.5 -1.50904143908808 +0.06636714670354445 -0.5 
167 0.1405255577433988 -0.03354406278255772 -0.2169100426974832 0.8903746067508667
+0 +0 +0 +0 
168 0.1806798686667067 0.9912444160480611 -0.9295565192506565 -0.3869979820020699
+0 +0 +0 +0 
169 0.1058969705952919 -0.3593548250714717 -0.8780082496211548 0.1058969705952919
+0.5000000000660196 +0 +0 -0.5000000000660196 
170 0.3472936264677315 -0.03247889845495119 -0.2185835871285864 0.3472936264677315
+0.4999752033987566 +0 +0 -0.4999752033987566 
171 -0.04956871437623339 -1.005967279874205 -0.04948953972088052 -0.04956871437623339
+0.9999774355789108 +0 +0 -0.9999774355789108 
172 -0.303328810957686 -0.2949427599087662 -0.303328810957686 -0.2949427599087662
+1.499899967323161 +0.4999999883161788 -1.499899967323161 -0.4999999883161788 
173 -0.1602061802090532 -0.3978270016627218 1.02503010475269 -0.3978270016627218
+0 +0.4999337576965126 +0 -0.4999337576965126 
174 -0.115952027983368 -0.115952027983368 -0.3977622695503958 0.0367882858234248
+0.4999999996370059 -0.4999999996370059 +0 +0 
175 -0.9160796133295714 -0.9160796133295714 -0.9416176504741757 -0.9416176504741757
+1.450940242564095 -1.450940242564095 -0.501403263230117 +0.501403263230117 
176 -0.1451918567057438 -0.2261408197622231 -0.2261408197622231 0.03838028560051501
+0 +0.4999995198716509 -0.4999995198716509 +0 
177 -0.1505694153262281 -0.1505694153262281 -0.1506925040312723 -0.4720701327413316
+0.9996999522526483 -0.9996999522526483 +0 +0 
178 -0.007445102188610103 -0.9209998860411981 0.04072817206043076 -0.007445102188610103
+0.5 +0 +0 -0.5 
179 -0.1476451669415035 -0.8868922030565369 1.037402600278136 -0.3675496518871398
+0 +0 +0 +0 
180 -0.6044041598733865 -0.6044041598733865 -0.8501445238383489 -0.5968818264249395
+1.016169453616462 -1.016169453616462 +0 +0 
181 0.1199880975858825 -0.4885853885030623 0.1199880975858825 0.9420214234751926
+0.4999999997493271 +0 -0.4999999997493271 +0 
182 0.1004304126687188 -0.5178139847510015 0.89636097885084 0.89636097885084
+0 +0 +0.5266556939806192 -0.5266556939806192 
183* 0 -0.004358759561427538 0 -1.041748865525907
+0.5 -1.505507930501231 -0.5 +0.1296168876476219 
184 0.115952027983368 0.3977622695503958 0.115952027983368 -0.0367882858234248
+0.4999999996370059 +0 -0.4999999996370059 +0 
185 -0.8101091024658031 -0.8423551422133321 -0.8101091024658031 -0.1816921053521013
+0.9931500052129556 +0 -0.9931500052129556 +0 
186 -0.8770551427288001 -0.9109555044605031 -0.8770551427288001 0.1321826189894156
+0.9978936721935972 +0 -0.9978936721935972 +0 
187 -1.003261974316687 -1.044891929096492 -1.003261974316687 1.216503287781847
+1.008375993981213 +0 -1.008375993981213 +0 
188 -0.7485340663269097 -0.7827683965962973 -0.7485340663269097 -0.3941243778951408
+0.9872128661529726 +0 -0.9872128661529726 +0 
189 -0.08491440669929189 -0.8314100302424147 0.08231533761432483 -0.8314100302424147
+0 -0.5213918463017085 +0 +0.5213918463017085 
190 -0.2976396519297503 -0.2971262836315567 0.09860873191102543 -0.2976396519297503
+0.999461750664151 +0 +0 -0.999461750664151 
191 -0.446957244452047 -0.446957244452047 0.01156345043490623 1.009424322297924
+0.4998358933687895 -0.4998358933687895 +0 +0 
192 -0.4553219436137536 -0.4560170841528887 1.12255785962942 -0.4553219436137536
+0.999381921310647 +0 +0 -0.999381921310647 
193 -0.2152200211605429 -0.2152200211605429 -0.2222212728233151 -0.2222212728233151
+0.9975754611537443 -0.9975754611537443 +0.0101550039201847 -0.0101550039201847 
194 -0.3031198739621256 -0.3031198739621256 1.035817233948046 -0.4076282274755359
+0.4999949309803545 -0.4999949309803545 +0 +0 
195 -0.5934829839517729 -0.5934829839517729 1.034446387622576 1.034446387622576
+0.4990338479275692 -0.4990338479275692 +0.537189218128052 -0.537189218128052 
196 -0.1423592767203736 -0.1423592767203736 -0.8420165721639077 -0.8420165721639077
+0.5000000012931681 -0.5000000012931681 +0.5221801042479438 -0.5221801042479438 
197 -0.4173764305780219 -0.717003866135503 -0.272319255269157 -0.4173764305780219
+0.5002101178531696 +0 +0 -0.5002101178531696 
198 -0.7230233636191242 -0.7230233636191242 1.129081987068897 -0.694940517701938
+0.5100848001733566 -0.5100848001733566 +0 +0 
199 -0.9005203153477888 -0.9005203153477888 1.11560220867589 -0.3010731630971505
+0.5276467024256679 -0.5276467024256679 +0 +0 
200 -1.115042120183109 -1.115042120183109 1.115042120183109 1.115042120183109
+0.5450541101265968 -0.5450541101265968 +0.5450541101265968 -0.5450541101265968 
201 -0.9792989179548889 -0.9792989179548889 1.079391695388221 0.04221562745511581
+0.533800279419175 -0.533800279419175 +0 +0 
202 -0.566528501442342 -0.566528501442342 -0.6975288047305447 0.0921809643003968
+0.5023889749986868 -0.5023889749986868 +0 +0 
203 -0.115359757844647 -0.3299841165270367 -0.8096154926049387 0.05727818466532485
+0 +0 +0 +0 
204 -0.1800605873198906 -0.1800605873198906 -0.9654305491701252 1.055169277694199
+0.4999999856471873 -0.4999999856471873 +0 +0 
205 -0.2066655775698125 -1.054095567870132 1.004912165158696 1.004912165158696
+0 +0 +0.5357223072683208 -0.5357223072683208 
206 -0.1649901062891282 -0.9500938740500948 0.9958648221919417 0.00700063076683142
+0 +0 +0 +0 
207 -0.4159156620974862 -0.1711481237153983 0.4409313783238635 0.007672378177761037
+0 +0 +0 +0 
208 -0.7775290433830298 0.08854747743558412 -0.7775290433830298 -0.2733007157319347
+0.5170586278808315 +0 -0.5170586278808315 +0 
209 -0.8750675096541787 0.03166073069544852 0.4722086745718687 -0.3608728263438089
+0 +0 +0 +0 