1 0.9345912859246013 -0.2075429047571382 -0.2079558583465553 -0.2079558583465553
+0 +0 +1.000024229008461 -1.000024229008461 
2 0.9453145928642657 -0.7167186807447668 -0.2419399018438682 -0.7167186807447668
+0 +0.5126958329170072 +0 -0.5126958329170072 
3 0.6651698196987275 -0.4313637059147353 0.43814361978782 0.43814361978782
+0 +0 -0.5005163590107362 +0.5005163590107362 
4* 0 -0.1373952974709585 0.7968296310072913 0
-0.4999999999999882 +0 +0 +0.5000000000000118 
5 0.7312244809254407 -0.3845406086686181 0.2790105264587469 0.05930711014544811
+0 +0 +0 +0 
6* 0.7312815733411303 0 0.2701674087485522 0
+0 -0.5 +0 +0.5 
7 0.809117991678027 -0.3182357437278278 0.3182357437278278 -0.809117991678027
+0 +0 +0 +0 
8 0.7946897708575599 -0.3185749057347687 0.3105491497313662 -0.3185749057347687
+0 +0.4999794235857618 +0 -0.4999794235857618 
9 0.903369533501862 -0.8069584574576484 0.1310480650426502 -0.8069584574576484
+0 +0.5189526160448134 +0 -0.5189526160448134 
10* 0 -0.0550902415944281 -0.7687969968558144 0
-0.5 +0 +0 +0.5 
11 0.8460603534229451 -0.3073406344339451 -0.7875647963348753 0.104000967219518
+0 +0 +0 +0 
12* 0.4198129435197478 0 0 0.01148811604113397
-0.06549331007058194 +0.5000000000000061 -0.4999999999999939 +1.5207460323482 
13 0.9268702731701736 -0.7715398630559966 -0.7715398630559966 -0.04576790735746313
+0 +0.5165236068241166 -0.5165236068241166 +0 
14 1.044950259323457 -0.7957545799481817 -0.8186840300627611 -0.7957545799481817
+0 +0.9931727289003227 +0 -0.9931727289003227 
15 0.8657893193835623 -0.8391882175458872 -0.8391882175458872 0.3483659938873362
+0 +0.5212009740101987 -0.5212009740101987 +0 
16 0.6687977288611209 0.3118502804726382 0.01270897224016843 0.3118502804726382
+0 +0.5000360299109836 +0 -0.5000360299109836 
17 0.6607089592518433 0.6484559561533071 -0.04681576113496733 0.6484559561533071
+0 +0.9869498214297711 +0 -0.9869498214297711 
18* 0 0 -0.1809811418278768 -0.007379832637044711
-0.5 +0.5 -0.04768739751277594 +1.527740413195398 
19* 0.3390578656657634 0 -0.1174972013840195 0
+0 -0.5000000000000093 +0 +0.4999999999999906 
20* 0.3233015887131573 0.07733764378558639 0 0
+0 +0 -0.5 +0.5 
21 0.7892514764926402 0.07840405910889908 -0.358219857377605 -0.1148627143545824
+0 +0 +0 +0 
22 0.7472791868771413 0.729659118346677 -0.4860920188300972 0.729659118346677
+0 +0.9900979031045811 +0 -0.9900979031045811 
23** 0 0 -0.355553222914862 0.355553222914862
+0.5 -0.5 +0 +0 
24* 0.9068771917212872 0 0 0.009779244324389666
-0.1266726451852353 -0.5 +0.5 +1.512327608420457 
25 0.8485761454788098 -0.1001831958169559 -0.1001831958169559 -0.3602330829123536
+0 -0.4999999995668724 +0.4999999995668724 +0 
26 0.9562945187545076 -0.5117045743675612 -0.5117045743675612 -0.6675316937855492
+0 -0.5014907574558661 +0.5014907574558661 +0 
27 0.8405291068992766 -0.2009045120178781 -0.2009045120178781 -0.1053072158820605
+0 -0.4999995897702004 +0.4999995897702004 +0 
28* 0 -0.212726833857713 -0.212726833857713 0
-0.5 -0.4999985619610167 +0.4999985619610167 +0.5 
29* 0 0.1373952974709584 -0.7968296310072914 0
-0.5 +0 +0 +0.5 
30** 0 -0.1039599051805724 0 0.1039599051805724
-0.5 +0 +0.5 +0 
31 0.8710153567751042 -0.07601905532649816 -0.2966211719208118 -0.7646388211909121
+0 +0 +0 +0 
32* 0.1809811418278768 0 0 0.007379832637044711
-0.04768739751277594 +0.5 -0.5 +1.527740413195398 
33 0.1472736744970131 -0.2670048425804015 -0.04843460650885334 -0.7081813694374591
+0 +0 +0 +0 
34* 0.3790264905476299 -0.8252907653670896 0 0
+0 +0 -0.4999999999999866 +0.5000000000000133 
35* 0.117497201384018 -0.339057865665765 0 0
+0 +0 -0.4999999999999771 +0.5000000000000229 
36 0.8295759209071945 -0.4144353142209412 -0.4144353142209412 0.8295759209071945
+0.5198312447662739 +0.499872871440981 -0.499872871440981 -0.5198312447662739 
37 0.6749911388473872 0.2344375660369666 0.2017866963836378 0.2017866963836378
+0 +0 -0.5000006271892071 +0.5000006271892071 
38* 0 0 -0.9068771917212872 -0.009779244324389666
-0.5 +0.5 -0.1266726451852353 +1.512327608420457 
39 0.8236185803521159 0.09464583223716017 -0.8236185803521159 -0.09464583223716017
+0 +0 +0 +0 
40 0.1065940056656244 0.100445470478524 -0.3559020757088724 0.1065940056656244
+0.499999998762673 +0 +0 -0.499999998762673 
41 0.7150743716447481 0.0307450869856371 -0.4159017263875136 0.7150743716447481
+0.5125398113388825 +0 +0 -0.5125398113388825 
42 0.1795504412443624 -0.2217785742184363 -0.6102794237092604 -0.6102794237092604
+0 +0 +0.5063976435353079 -0.5063976435353079 
43* 0.212726833857717 0 0.212726833857717 0
+0.4999985619610156 -0.4999999999999965 -0.4999985619610179 +0.5000000000000036 
44 0.3185749057347687 -0.3105491497313662 0.3185749057347687 -0.7946897708575599
+0.4999794235857618 +0 -0.4999794235857618 +0 
45 0.3054428230936573 -0.3054428230936573 0.3054428230936573 -0.3054428230936573
+0.499984508292436 +0.499984508292436 -0.499984508292436 -0.499984508292436 
46* 0 -0.7312815733411311 -0.2701674087485527 0
-0.5000000000000007 +0 +0 +0.4999999999999994 
47** 0.8660254037844386 -0.8660254037844386 0 0
+0 +0 -0.5 +0.5 
48 0.7875647963348753 -0.8460603534229451 -0.104000967219518 0.3073406344339451
+0 +0 +0 +0 
49* 0 -0.07733764378558639 -0.3233015887131573 0
+0.5 +0 +0 -0.5 
50 0.7542379214149722 0.2899190388807094 -0.3708682943948757 -0.1246629326562329
+0 +0 +0 +0 
51 0.8186840300627611 0.7957545799481817 -1.044950259323457 0.7957545799481817
+0 -0.9931727289003227 +0 +0.9931727289003227 
52 0.7081813694374591 -0.1472736744970131 0.04843460650885334 0.2670048425804015
+0 +0 +0 +0 
53 0.8251643246990127 -0.2696212911443712 -0.2696212911443712 0.09087982922951488
+0 -0.4999944799997624 +0.4999944799997624 +0 
54 0.2299511589441456 -0.6865052249142909 -0.7011276550520167 -0.6865052249142909
+0 +0.9884444519130075 +0 -0.9884444519130075 
55 0.7011276550520167 -0.2299511589441456 0.6865052249142909 0.6865052249142909
+0 +0 +0.9884444519130075 -0.9884444519130075 
56 0.5117045743675612 0.6675316937855492 0.5117045743675612 -0.9562945187545076
+0.5014907574558661 +0 -0.5014907574558661 +0 
57 0.3800872066787538 0.6652281764368881 0.3800872066787538 -0.1810535327761741
+0.5001810237714752 +0 -0.5001810237714752 +0 
58 0.5372599910406175 0.3521723871615923 0.5428737786274953 0.5372599910406175
+0.9748484475611151 +0 +0 -0.9748484475611151 
59* 0 -0.7129493587705702 -0.7129493587704335 0
+0.4999999999962534 -0.5123594721405814 +0.5123594721431706 -0.5000000000037466 
60 0.7646388211909121 -0.8710153567751042 0.2966211719208118 0.07601905532649816
+0 +0 +0 +0 
61* 0 0 0 0
+0.5 +1.500751929468444 +2.793972252452348 -0.5 
62* 0 0 -0.3790264905476661 0.8252907653670371
+0.5 -0.5 +0 +0 
63 0.7782997772252311 0.3876964396913435 0.3846186951881878 0.3846186951881878
+0 +0 +1.002505246832327 -1.002505246832327 
64* 0.9068771917212872 0.009779244324389666 0 0
+0.1266726451852353 -1.512327608420457 +0.5 -0.5 
65 0.1810535327761741 -0.3800872066787538 -0.6652281764368881 -0.3800872066787538
+0 +0.5001810237714752 +0 -0.5001810237714752 
66 0.8391882175458872 -0.3483659938873362 -0.8657893193835623 0.8391882175458872
+0.5212009740101987 +0 +0 -0.5212009740101987 
67* 0 0 0 0
-0.5 -0.04319235364925333 +1.530351917805787 +0.5 
68** 0 0 0 0
+0.5 -1.512357681307666 -0.5 +1.512357681307666 
69 0.7715398630559966 0.04576790735746313 0.7715398630559966 -0.9268702731701736
+0.5165236068241166 +0 -0.5165236068241166 +0 
70 0.6740081660642232 0.02138249725507199 0.6740081660642232 -0.1723237574854516
+0.5100178151739415 +0 -0.5100178151739415 +0 
71 0.1723237574854516 -0.6740081660642232 -0.6740081660642232 -0.02138249725507199
+0 +0.5100178151739415 -0.5100178151739415 +0 
72 0.4144353142209412 -0.8295759209071945 -0.8295759209071945 0.4144353142209412
+0.499872871440981 +0.5198312447662739 -0.5198312447662739 -0.499872871440981 
73 0.9244946992447974 -0.9244946992447974 -0.9244946992447974 0.9244946992447974
+0.5276276905295727 +0.5276276905295727 -0.5276276905295727 -0.5276276905295727 
74 0.1934851409552412 -0.351866035802539 -0.1045937986569206 0.1934851409552412
+0.499999653215326 +0 +0 -0.499999653215326 
75 0.5599287585474875 0.2165460307039746 0.008834550939136742 0.5599287585474875
+0.5041674235226947 +0 +0 -0.5041674235226947 
76* 0 0 -0.4198129435197482 -0.01148811604112871
-0.5 +0.5 -0.0654933100705809 +1.520746032348193 
77 0.6156822608756073 0.6058063783411218 0.1267044568445896 0.6058063783411218
+0 -0.9847074735086374 +0 +0.9847074735086374 
78 0.7533680734424892 -0.4030517237905626 -0.1514688825445022 0.7533680734424892
+0.5150250278455103 +0 +0 -0.5150250278455103 
79 0.6558321497017752 -0.4262666353158595 0.22946259219066 0.6558321497017752
+0.5088002622779316 +0 +0 -0.5088002622779316 
80 0.2009045120178781 0.1053072158820605 0.2009045120178781 -0.8405291068992766
+0.4999995897702004 +0 -0.4999995897702004 +0 
81 0.1818332827386653 -0.04983590927620941 -0.05049871807294035 -0.04983590927620941
+0 +1.00065300527371 +0 -1.00065300527371 
82 0.6864253058323966 0.6982867621608979 0.6982867621608979 0.6864253058323966
+0.5002383436417868 +1.456971241011821 -1.456971241011821 -0.5002383436417868 
83* 0 -0.4198129435197482 -0.01148811604112871 0
+0.5 +0.0654933100705809 -1.520746032348193 -0.5 
84* 0 0.7129493587800138 0.7129493587800138 0
-0.5 -0.5123594721423779 +0.5123594721423779 +0.5 
85 0.7141169128344292 -0.003384795565845978 -0.003384795565845978 0.7141169128344292
+0.5124212205151837 -0.5 +0.5 -0.5124212205151837 
86* 0.7687969968558144 0 0.0550902415944281 0
+0 -0.5 +0 +0.5 
87 0.1246629326562329 -0.2899190388807094 0.3708682943948757 -0.7542379214149722
+0 +0 +0 +0 
88* 0 -0.1809811418278768 -0.007379832637044711 0
+0.5 +0.04768739751277594 -1.527740413195398 -0.5 
89 0.8069584574576484 -0.1310480650426502 0.8069584574576484 -0.903369533501862
+0.5189526160448134 +0 -0.5189526160448134 +0 
90 0.6102794237092604 -0.1795504412443624 0.6102794237092604 0.2217785742184363
+0.5063976435353079 +0 -0.5063976435353079 +0 
91* 0.4198129435197482 0.01148811604112871 0 0
+0.0654933100705809 -1.520746032348193 +0.5 -0.5 
92 0.2696212911443712 -0.8251643246990127 -0.09087982922951488 0.2696212911443712
+0.4999944799997624 +0 +0 -0.4999944799997624 
93 0.7167186807447668 0.7167186807447668 -0.9453145928642657 0.2419399018438682
+0.5126958329170072 -0.5126958329170072 +0 +0 
94 0.2079558583465553 0.2075429047571382 -0.9345912859246013 0.2079558583465553
+1.000024229008461 +0 +0 -1.000024229008461 
95 0.003384795565845978 -0.7141169128344292 -0.7141169128344292 0.003384795565845978
+0.5 -0.5124212205151837 +0.5124212205151837 -0.5 
96 0.09828254502511287 -0.09828254502511287 -0.338864450851479 0.338864450851479
+0 +0 +0 +0 
97 0.1148627143545824 -0.7892514764926402 -0.07840405910889908 0.358219857377605
+0 +0 +0 +0 
98* 0 0 0 0
+0.5 -1.530351917805787 +0.04319235364925333 -0.5 
99 0.1045937986569206 -0.1934851409552412 -0.1934851409552412 0.351866035802539
+0 -0.499999653215326 +0.499999653215326 +0 
100 0.1514688825445022 -0.7533680734424892 -0.7533680734424892 0.4030517237905626
+0 +0.5150250278455103 -0.5150250278455103 +0 
101 0.04983590927620941 -0.1818332827386653 0.05049871807294035 0.04983590927620941
+1.00065300527371 +0 +0 -1.00065300527371 
102 -0.1137600001859399 -0.1138443948098407 -0.1138443948098407 0.424655812460341
+0 -1.000484504750881 +1.000484504750881 +0 
103 -0.1267044568445896 -0.6058063783411218 -0.6058063783411218 -0.6156822608756073
+0 +0.9847074735086374 -0.9847074735086374 +0 
104 0.1001831958169559 -0.8485761454788098 0.1001831958169559 0.3602330829123536
+0.4999999995668724 +0 -0.4999999995668724 +0 
105* 0 0.007379832637044711 0 0.1809811418278768
+0.5 -1.527740413195398 -0.5 +0.04768739751277594 
106 -0.2344375660369666 -0.2017866963836378 -0.2017866963836378 -0.6749911388473872
+0 -0.5000006271892071 +0.5000006271892071 +0 
107* 0 0 0 0
+0.5 -2.793972252452348 -1.500751929468444 -0.5 
108 0 0.01414495016059863 -0.01414495016059863 0
+1.003573875884095 +0 +0 -1.003573875884095 
109 -0.3846186951881878 -0.3876964396913435 -0.3846186951881878 -0.7782997772252311
+1.002505246832327 +0 -1.002505246832327 +0 
110 -0.2165460307039746 -0.008834550939136742 -0.5599287585474875 -0.5599287585474875
+0 +0 -0.5041674235226947 +0.5041674235226947 
111 -0.22946259219066 -0.6558321497017752 -0.6558321497017752 0.4262666353158595
+0 +0.5088002622779316 -0.5088002622779316 +0 
112 -0.3118502804726382 -0.01270897224016843 -0.6687977288611209 -0.3118502804726382
+0.5000360299109836 +0 +0 -0.5000360299109836 
113 -0.6864253058323966 -0.6982867621608979 -0.6982867621608979 -0.6864253058323966
+0.5002383436417868 +1.456971241011821 -1.456971241011821 -0.5002383436417868 
114* -0.9068771917212872 0 -0.009779244324389666 0
+0.1266726451852353 +0.5 -1.512327608420457 -0.5 
115 0.1138443948098407 -0.424655812460341 0.1138443948098407 0.1137600001859399
+1.000484504750881 +0 -1.000484504750881 +0 
116 -0.43814361978782 -0.43814361978782 0.4313637059147353 -0.6651698196987275
+0.5005163590107362 -0.5005163590107362 +0 +0 
117 -0.1065940056656244 -0.1065940056656244 0.3559020757088724 -0.100445470478524
+0.499999998762673 -0.499999998762673 +0 +0 
118 -0.6484559561533071 -0.6607089592518433 0.04681576113496733 -0.6484559561533071
+0.9869498214297711 +0 +0 -0.9869498214297711 
119 -0.2790105264587469 -0.7312244809254407 -0.05930711014544811 0.3845406086686181
+0 +0 +0 +0 
120 -0.5372599910406175 -0.5428737786274953 -0.5372599910406175 -0.3521723871615923
+0.9748484475611151 +0 -0.9748484475611151 +0 
121 -0.729659118346677 -0.7472791868771413 0.4860920188300972 -0.729659118346677
+0.9900979031045811 +0 +0 -0.9900979031045811 
122 -0.7150743716447481 -0.7150743716447481 -0.0307450869856371 0.4159017263875136
+0.5125398113388825 -0.5125398113388825 +0 +0 