1 0.5250121022236669 0.1294729463749287 -0.5250121022236669 -0.1294729463749287
+0 +0 +0 +0 
2 0.5570702385744416 0.1470126111961413 -0.3520414248852914 -0.3520414248852914
+0 +0 -0.5005581696433306 +0.5005581696433306 
3* 0 0 -0.2930497652740115 -0.2930497652740115
-0.5 +0.5 -0.5002695484553508 +0.5002695484553508 
4* 0 0.09053461122303935 0.4866819617430914 0
-0.5 +0 +0 +0.5 
5* 0 -0.04929340793103601 0 -0.2430919428911911
-0.5 +1.631134975618312 +0.5 -0.06188079036780695 
6* 0.6439488581706157 0.05986712277687283 0 0
-0.1197616885579488 +1.57171694471433 +0.5 -0.5 
7* 0 0.04929340793103601 0 0.2430919428911911
-0.5 +1.631134975618312 +0.5 -0.06188079036780695 
8** 0 0 0.5638252623934961 -0.5638252623934961
-0.5 +0.5 +0 +0 
9 0.2205600072920844 0.2242814577947136 0.2242814577947136 -0.6691229228815117
+0 +1.002247276506607 -1.002247276506607 +0 
10* 0 0 0.1695810016454493 -0.522716443014433
-0.5 +0.5 +0 +0 
11* 0 -0.05986712277687283 0 -0.6439488581706157
-0.5 +1.57171694471433 +0.5 -0.1197616885579488 
12* 0 0 0 0
-0.5 +1.653144833689466 +0.5 -0.050307293346599 
13* 0.522716443014433 0 0 -0.1695810016454493
+0 +0.5 -0.5 +0 
14* 0 0 0 0
-0.5 +0.050307293346599 +0.5 -1.653144833689466 
15* 0 -0.4866819617430914 0 -0.09053461122303935
-0.5 +0 +0.5 +0 
16* 0 0.04929340793103601 0 0.2430919428911911
+0.5 -1.631134975618312 -0.5 +0.06188079036780695 
17* 0.2930497652740115 0 0 0.2930497652740115
-0.5002695484553508 -0.5 +0.5 +0.5002695484553508 
18** 0 0 0.1424690678305666 -0.1424690678305666
+0.5 -0.5 +0 +0 
19** 0 0 0 0
-0.5 -1.556126503577051 +0.5 +1.556126503577051 
20* 0 0 0 0
-0.5 +0.5 +3.517084291308099 +1.508105736964082 
21 0.2443331937711654 -0.08027304318986867 -0.08027304318986867 -0.08378710739142802
+0 +1.005588273959932 -1.005588273959932 +0 
22* 0 0.05986712277687283 0.6439488581706157 0
+0.5 -1.57171694471433 +0.1197616885579488 -0.5 
23 0.2252124996086327 0.1211861779691729 0.2252124996086327 -0.5716111771864383
+0.5000288621635332 +0 -0.5000288621635332 +0 
24 0.4632647275890309 -0.4632647275890309 -0.4632647275890309 0.4632647275890309
+0.5022938535699026 +0.5022938535699026 -0.5022938535699026 -0.5022938535699026 
25 0.3520414248852914 -0.1470126111961413 -0.5570702385744416 0.3520414248852914
+0.5005581696433306 +0 +0 -0.5005581696433306 
26* 0 -0.05986712277687283 0 -0.6439488581706157
+0.5 -1.57171694471433 -0.5 +0.1197616885579488 
27 0.08027304318986867 0.08378710739142802 0.08027304318986867 -0.2443331937711654
+1.005588273959932 +0 -1.005588273959932 +0 
28* 0 -0.2430919428911911 0 -0.04929340793103601
+0.5 +0.06188079036780695 -0.5 -1.631134975618312 
29 0 -0.0413091275245562 0.0413091275245562 0
+1.025705081230743 +0 +0 -1.025705081230743 
30* 0 0 0 0
+0.5 -1.508105736964082 -3.517084291308099 -0.5 
31 -0.2252124996086327 -0.2252124996086327 0.5716111771864383 -0.1211861779691729
+0.5000288621635332 -0.5000288621635332 +0 +0 
32 -0.2242814577947136 -0.2205600072920844 0.6691229228815117 -0.2242814577947136
+1.002247276506607 +0 +0 -1.002247276506607 