1 0.6683262276726572 0.2309546565991595 -0.6683262276726572 -0.2309546565991595
+0 +0 +0 +0 
2 0.6443129167109634 0.2185429236152831 -0.7012461767217978 -0.01123093915194845
+0 +0 +0 +0 
3 0.6185807005420405 0.1940184722058207 -0.03945469345491958 -0.03945469345491958
+0 +0 -0.4999999999987456 +0.4999999999987456 
4 0.7176058012302296 0.259303089347234 -0.6256493502982414 -0.6256493502982414
+0 +0 -0.5077646762261381 +0.5077646762261381 
5 0.7202609914805672 0.1268310926815664 0.1273225843784012 0.1273225843784012
+0 +0 +0.9987327099488849 -0.9987327099488849 
6* 0.7739590988906947 0 0.02297385243605529 0
-0.1233033469939871 +0.5 +1.528670873895994 -0.5 
7 0.6120567940936719 0.1998726143616569 -0.2771176076046997 -0.03098485171447353
+0 +0 +0 +0 
8* 0 0.675583383079704 -0.2804467514332366 0
-0.5 +0 +0 +0.5 
9* 0 0 0.2558296443095919 -0.2558296443095919
-0.5 +0.5 +0 +0 
10* 0 0 0.2804467514332366 -0.675583383079704
-0.4999999999999998 +0.5000000000000001 +0 +0 
11* 0 0 -0.009575234309521676 -0.09922960498891555
-0.5 +0.5 +1.563766292150103 -0.04876422167992667 
12* 0 0 0 0
-0.5 +0.5 +3.018216079753689 +1.50242795160334 
13 0.618351036248756 0.1903512197058842 -0.3102395701640958 0.1903512197058842
+0 +0.5000014807093248 +0 -0.5000014807093248 
14* 0 -0.02297385243605529 -0.7739590988906947 0
-0.5 +1.528670873895994 -0.1233033469939871 +0.5 
15* 0 -0.02387669628288881 -0.3342893090809339 0
-0.5 +1.549906941815025 -0.06442478789347984 +0.5 
16 0.7684587731261032 -0.1793581317663832 -0.5084760820665919 -0.5084760820665919
+0 +0 -0.5029452895553995 +0.5029452895553995 
17 0.6213584777849783 0.08622614789168191 -0.05347848332223802 0.08622614789168191
+0 +0.5000000016081362 +0 -0.5000000016081362 
18 0.4092928742287741 0.4140803610157375 -0.1319119994751159 0.4140803610157375
+0 +0.9930485808111972 +0 -0.9930485808111972 
19* 0.7160403483196729 0 0 -0.7160403483196729
+0 +0.5 -0.5 +0 
20 0.3518107745538447 0.3607264884229894 0.3607264884229894 0.06490967175093716
+0 +0.9947634813895194 -0.9947634813895194 +0 
21 0.4705408245481307 0.4721829002802842 0.4721829002802842 -0.3764209352724335
+0 +0.9914433485331924 -0.9914433485331924 +0 
22 0.5579222804823455 0.5545892519719902 0.5545892519719902 -0.8661876123906225
+0 +0.989853662417803 -0.989853662417803 +0 
23* 0 0 0.6092025987983685 0.1872371446624622
-0.5 +0.5 +0 +0 
24* 0 0 0.644665378867225 -0.03920156605637352
-0.5 +0.5 +0 +0 
25* 0 0 -0.1872371446624622 -0.6092025987983685
-0.5 +0.5 +0 +0 
26* 0 0 -0.519164206819273 -0.519164206819273
-0.5 +0.5 +0.5036717811547046 -0.5036717811547046 
27* 0 0 0.009575234309521676 0.09922960498891555
-0.5 +0.5 +1.563766292150103 -0.04876422167992667 
28* 0 0 0.03920156605637352 -0.644665378867225
-0.5 +0.5 +0 +0 
29* 0 0.02387669628288855 0.3342893090809339 0
-0.5000000000000004 +1.549906941815025 -0.06442478789347977 +0.4999999999999996 
30* 0 0 0 0
-0.5 +1.525831769012997 +0.5 -1.525831769012997 
31 0.8661876123906225 -0.5545892519719902 -0.5545892519719902 -0.5579222804823455
+0 +0.989853662417803 -0.989853662417803 +0 
32* 0.7739590988906947 0 0 0.02297385243605529
+0.1233033469939871 +0.5 -0.5 -1.528670873895994 
33 0.7489418859294861 -0.5793253525111917 0.03698916189537001 -0.5793253525111917
+0 +0.5056469917069886 +0 -0.5056469917069886 
34 0.7744642512007112 -0.2850778067764163 -0.6226583233498343 -0.2850778067764163
+0 +0.5000349462344901 +0 -0.5000349462344901 
35 0.7012461767217978 -0.2185429236152831 0.01123093915194845 -0.6443129167109634
+0 +0 +0 +0 
36* 0.3342893090809339 0 0 0.02387669628288881
+0.06442478789347984 +0.5 -0.5 -1.549906941815025 
37* 0 0.01620746191992948 -0.2374564523674921 0
-0.5 +0 +0 +0.5 
38* -0.02297385243605529 0 -0.7739590988906947 0
-1.528670873895994 -0.5 +0.1233033469939871 +0.5 
39* 0 0.2374564523674921 0 -0.01620746191992948
+0.5 +0 -0.5 +0 
40* 0.519164206819273 0 0 0.519164206819273
+0.5036717811547046 +0.5 -0.5 -0.5036717811547046 
41 0.3123571154815151 -0.1697239381141918 -0.4268818393401094 -0.4268818393401094
+0 +0 +0.5011200315656783 -0.5011200315656783 
42 0.4268818393401094 0.1697239381141918 0.4268818393401094 -0.3123571154815151
+0.5011200315656783 +0 -0.5011200315656783 +0 
43 0.5084760820665919 0.1793581317663832 0.5084760820665919 -0.7684587731261032
+0.5029452895553995 +0 -0.5029452895553995 +0 
44 0.3415954876030917 0.1683515047328809 0.3415954876030917 -0.06589947531902958
+0.5002648227246886 +0 -0.5002648227246886 +0 
45 0.2856682224107083 0.2842654416271306 0.2856682224107083 0.2842654416271306
-0.04453353589114033 +0.9796568094971724 +0.04453353589114033 -0.9796568094971724 
46 0.3764209352724335 -0.4721829002802842 -0.4705408245481307 -0.4721829002802842
+0 +0.9914433485331924 +0 -0.9914433485331924 
47 0.6256493502982414 -0.259303089347234 -0.7176058012302296 0.6256493502982414
+0.5077646762261381 +0 +0 -0.5077646762261381 
48 0.5864913264711945 -0.1910788315845351 -0.1910788315845351 0.5864913264711945
+0.5058538859918151 +0.499999206381972 -0.499999206381972 -0.5058538859918151 
49 0.3031987591774389 -0.5116696181214905 -0.5116696181214905 0.05384071870515384
+0 +0.5031653022401451 -0.5031653022401451 +0 
50 0.7160149594491339 -0.7160149594491339 -0.7160149594491339 0.7160149594491339
+0.5125206553446844 +0.5125206553446844 -0.5125206553446844 -0.5125206553446844 
51 0.2771176076046997 -0.1998726143616569 0.03098485171447353 -0.6120567940936719
+0 +0 +0 +0 
52 0.5116696181214905 -0.3031987591774389 -0.05384071870515384 0.5116696181214905
+0.5031653022401451 +0 +0 -0.5031653022401451 
53 0.3102395701640958 -0.1903512197058842 -0.618351036248756 -0.1903512197058842
+0 +0.5000014807093248 +0 -0.5000014807093248 
54 0.2850778067764163 -0.7744642512007112 0.2850778067764163 0.6226583233498343
+0.5000349462344901 +0 -0.5000349462344901 +0 
55 0.5793253525111917 -0.7489418859294861 0.5793253525111917 -0.03698916189537001
+0.5056469917069886 +0 -0.5056469917069886 +0 
56* 0 0 0 0
+0.5 -1.50242795160334 -3.018216079753689 -0.5 
57* 0.09922960498891555 0 0 0.009575234309521676
+0.04876422167992667 +0.5 -0.5 -1.563766292150103 
58* 0 -0.3342893090809339 0 -0.02387669628288881
+0.5 +0.06442478789347984 -0.5 -1.549906941815025 
59 0.1910788315845351 -0.5864913264711945 0.1910788315845351 -0.5864913264711945
+0.499999206381972 +0.5058538859918151 -0.499999206381972 -0.5058538859918151 
60 -0.06490967175093716 -0.3607264884229894 -0.3607264884229894 -0.3518107745538447
+0 +0.9947634813895194 -0.9947634813895194 +0 
61 0.3871154156314408 0.4264270535891214 0.4264270535891214 0.3871154156314408
+0.5000062831977257 +1.493016239267663 -1.493016239267663 -0.5000062831977257 
62 0.03945469345491958 -0.1940184722058207 0.03945469345491958 -0.6185807005420405
+0.4999999999987456 +0 -0.4999999999987456 +0 
63 -0.2842654416271306 -0.2856682224107083 -0.2856682224107083 -0.2842654416271306
+0.9796568094971724 +0.04453353589114033 -0.04453353589114033 -0.9796568094971724 
64 -0.4264270535891214 -0.3871154156314408 -0.3871154156314408 -0.4264270535891214
+1.493016239267663 +0.5000062831977257 -0.5000062831977257 -1.493016239267663 
65 -0.1273225843784012 -0.1268310926815664 -0.1273225843784012 -0.7202609914805672
+0.9987327099488849 +0 -0.9987327099488849 +0 
66 -0.08622614789168191 -0.6213584777849783 0.05347848332223802 -0.08622614789168191
+0.5000000016081362 +0 +0 -0.5000000016081362 
67* 0 -0.09922960498891555 -0.009575234309521676 0
+0.5 +0.04876422167992667 -1.563766292150103 -0.5 
68 -0.1683515047328809 -0.3415954876030917 -0.3415954876030917 0.06589947531902958
+0 +0.5002648227246886 -0.5002648227246886 +0 
69 -0.4140803610157375 -0.4140803610157375 0.1319119994751159 -0.4092928742287741
+0.9930485808111972 -0.9930485808111972 +0 +0 