1** 0 0 0
-0.5 +0 +0.5 
2 0.7712658098511481 -0.2134098592920695 -0.2134098592920695
+0 -0.4999941500060018 +0.4999941500060018 
3 0.8657452412744818 -0.7406557284773355 -0.7406557284773355
+0 -0.5192199521091556 +0.5192199521091556 
4 0.6508488241683772 -0.05371922186813219 0.1935830002985048
+0 +0 +0 
5 0.5956721741225194 0.3149249404883418 0.3149249404883418
+0 +0.5001762624872348 -0.5001762624872348 
6 0.6816610969253921 -0.3063235201479108 0.2097056665355355
+0 +0 +0 
7 0.7938194338813084 -0.2326437900026207 -0.7232397309658966
+0 +0 +0 
8 0.7205030712213026 -0.2888342139169092 -0.02381769813500522
+0 +0 +0 
9* 0 -0.2558296443095919 0
+0.5 +0 -0.5 
10 0.7232397309658966 -0.7938194338813084 0.2326437900026207
+0 +0 +0 
11 0.7630178394896892 -0.7630178394896892 0
+0 +0 +0 
12* 0 -0.7160403483196729 0
+0.5 +0 -0.5 
13 0.2786589672387956 -0.1162654628349089 -0.1162654628349089
+0 -0.4999999229662732 +0.4999999229662732 
14 0.347810384779931 -0.6739051923899655 -0.6739051923899655
+0 -0.5144261270683462 +0.5144261270683462 
15 0.2888342139169092 0.02381769813500522 -0.7205030712213026
+0 +0 +0 
16 0.6209399720215643 -0.08883594851971473 0.6209399720215643
+0.5110335347113246 +0 -0.5110335347113246 
17* 0 0 0
+1.525831769012997 +0.5 -0.5 
18 0.2639133768900509 -0.2639133768900509 0
+0 +0 +0 
19 0.6739051923899655 -0.347810384779931 0.6739051923899655
+0.5144261270683462 +0 -0.5144261270683462 
20 0.3063235201479108 -0.6816610969253921 -0.2097056665355355
+0 +0 +0 
21 0.7406557284773355 -0.8657452412744818 0.7406557284773355
+0.5192199521091556 +0 -0.5192199521091556 
22* 0.7160403483196729 0 0
+0 +0.5 -0.5 
23 -0.1398113167787986 -0.5503929176336047 -0.5503929176336047
+0 +0.5068700691239103 -0.5068700691239103 
24 0.1162654628349089 -0.2786589672387956 0.1162654628349089
+0.4999999229662732 +0 -0.4999999229662732 
25 0.2134098592920695 -0.7712658098511481 0.2134098592920695
+0.4999941500060018 +0 -0.4999941500060018 
26 0.631196681886563 0.6157584540712953 0.6157584540712953
+0 +0.9881453324309679 -0.9881453324309679 
27* 0 0 0
+0.5 -1.525831769012997 -0.5 
28 0.5503929176336047 0.5503929176336047 0.1398113167787986
+0.5068700691239103 -0.5068700691239103 +0 
29* 0.2558296443095919 0 0
+0 -0.5 +0.5 
30 -0.1935830002985048 0.05371922186813219 -0.6508488241683772
+0 +0 +0 
31 -0.6209399720215643 0.08883594851971473 -0.6209399720215643
+0.5110335347113246 +0 -0.5110335347113246 
32 -0.631196681886563 -0.6157584540712953 -0.6157584540712953
+0 -0.9881453324309679 +0.9881453324309679 
33 -0.3149249404883418 -0.5956721741225194 -0.3149249404883418
+0.5001762624872348 +0 -0.5001762624872348 
34 0 0 0
+0 -1.000922821141082 +1.000922821141082 