1 -1.085160833910339 -0.3262894761821329 -1.085160833910339
+0.5542817861255106 +0 -0.5542817861255106 
2 1.309333455056164 -0.7420831890939521 -0.7420831890939521
+0 -0.4958503797282011 +0.4958503797282011 
3 0.6837569777747583 0.9360377399075268 0.9360377399075268
+0 -0.5377075118482367 +0.5377075118482367 
4 -0.9360377399075268 -0.9360377399075268 -0.6837569777747583
+0.5377075118482367 -0.5377075118482367 +0 
5 -0.1420394841682168 0.633277546883303 0.633277546883303
+0 +0.4980974635066064 -0.4980974635066064 
6 0.6084732609955179 -1.10926127384447 -0.4521856837031508
+0 +0 +0 
7 1.255833978204119 -0.07502968434418976 -1.233707874346387
+0 +0 +0 
8 -0.5299565433336297 -0.2517003999008787 0.5719759227288946
+0 +0 +0 
9 1.132050078102942 -0.3137255615752089 0.2143923544352188
+0 +0 +0 
10 -0.6032452441560238 -0.01509569179339079 -0.6032452441560238
-0.4985300816135054 +0 +0.4985300816135054 
11 0.7420831890939521 0.7420831890939521 -1.309333455056164
-0.4958503797282011 +0.4958503797282011 +0 
12 -0.09397070632342372 1.211040644172752 -0.5699386205046625
+0 +0 +0 
13 -0.6609930901838776 0.3287195065381376 -0.6609930901838776
+0.4976452346701354 +0 -0.4976452346701354 
14 0.3137255615752089 -1.132050078102942 -0.2143923544352188
+0 +0 +0 
15 -0.2061312658034152 -1.109705890216888 0.1294322992748206
+0 +0 +0 
16 -1.082637000013258 -0.4397000694787515 0.3235001287646082
+0 +0 +0 
17 -0.0410204862133526 0.1220037994529361 -1.138776750125706
+0 +0 +0 
18 0.05807370512228969 0.1716259029795249 0.1716259029795249
+0 +0.5000000095172458 -0.5000000095172458 
19 0.1395321719457456 1.131946520461282 1.131946520461282
+0 +0.5577811690526767 -0.5577811690526767 
20 0.4521856837031508 -0.6084732609955179 1.10926127384447
+0 +0 +0 
21 1.161235485309192 -0.304975345008261 0.04890004761459321
+0 +0 +0 
22 -0.3446304488008812 -0.3446304488008812 1.244245627852327
+0.5000057632193204 -0.5000057632193204 +0 
23* 0 0.08199356634008456 0
-0.5 +0 +0.5 
24 0.304975345008261 -1.161235485309192 -0.04890004761459321
+0 +0 +0 
25 0.3046465685878498 0.3046465685878498 1.066194450775017
+0.4999976224194427 -0.4999976224194427 +0 
26 1.159386396676671 -0.5952506302330015 0.2247944652744285
+0 +0 +0 
27 0.6782222769408951 0.6806333981100415 0.6782222769408951
+1.002937013913642 +0 -1.002937013913642 
28 -0.2157862370396564 -0.2157685220347364 -0.2157862370396564
-0.9999246942236081 +0 +0.9999246942236081 
29 -0.2237902287083697 -0.04437056299430338 -0.4905396075206274
+0 +0 +0 
30* -0.5355231444834411 0 0
+0 -0.5 +0.5 
31 0.2683404502679276 0.5528785255854163 -1.232272413607803
+0 +0 +0 
32 0.2578080919185587 -0.09546787851494962 0.07097175338915364
+0 +0 +0 
33* 0 0 0
+0.5 -1.502976465754898 -0.5 
34 0.1795705480441394 0.4085319083330364 1.012605483059904
+0 +0 +0 
35 0.1984421513546327 0.026659108228826 1.087109462038115
+0 +0 +0 
36 0.2405952658833364 -1.276119699608791 1.204320808400037
+0 +0 +0 
37 -0.1058277108559247 1.184004206550971 -0.2958149124121379
+0 +0 +0 
38* 0 0 0.5355231444834411
+0.5 -0.5 +0 
39 -1.244245627852327 0.3446304488008812 0.3446304488008812
+0 +0.5000057632193204 -0.5000057632193204 
40* 0 -0.2659137285956085 0
+0.5 +0 -0.5 
41 0.1806808873050475 0.5611060257786881 0.5611060257786881
+0 +0.4990462177035516 -0.4990462177035516 
42* 0 0 0
-0.5 +1.502976465754898 +0.5 
43 -0.3046465685878498 -0.3046465685878498 -1.066194450775017
-0.4999976224194427 +0.4999976224194427 +0 
44 -0.2683404502679276 -0.5528785255854163 1.232272413607803
+0 +0 +0 
45* 0 -1.165764074178211 0
-0.5 +0 +0.5 
46 -1.162206985037166 0.01306752552515184 -1.162206985037166
+0.5599684472468651 +0 -0.5599684472468651 
47 1.246605793228376 -0.6518533479909834 1.246605793228376
+0.5667294911782834 +0 -0.5667294911782834 
48 -0.2563929207779657 -0.2563929207779657 0.2974001989857644
-0.5000004752498922 +0.5000004752498922 +0 
49 1.211318148107428 1.277644655108166 1.211318148107428
-1.043141321763056 +0 +1.043141321763056 
50 -0.1057612815271957 0.05955545874637112 0.5188486026223929
+0 +0 +0 
51 -0.05955545874637112 0.1057612815271957 -0.5188486026223929
+0 +0 +0 
52 -0.5719759227288946 0.5299565433336297 0.2517003999008787
+0 +0 +0 
53 0.08954185263288798 -0.5444801998426053 0.278337479123126
+0 +0 +0 
54 -0.6806333981100415 -0.6782222769408951 -0.6782222769408951
+0 -1.002937013913642 +1.002937013913642 
55* 0 0 -0.08199356634008456
-0.5 +0.5 +0 
56* 0 0 0.2659137285956085
-0.5 +0.5 +0 
57 -0.4713983405411621 -0.4713983405411621 -0.423140981465744
-0.4997465592681123 +0.4997465592681123 +0 
58 1.082637000013258 0.4397000694787515 -0.3235001287646082
+0 +0 +0 
59 0.4713983405411621 0.4713983405411621 0.423140981465744
+0.4997465592681123 -0.4997465592681123 +0 
60 -0.2670300527882471 -0.07912649280617921 0.2761939664164362
+0 +0 +0 
61 -1.298453803497025 0.471089712210427 1.152889873669246
+0 +0 +0 
62 -1.377204873053668 1.300992158843148 1.300992158843148
+0 -0.5721771992849702 +0.5721771992849702 
63 1.213795287865521 1.213795287865521 -0.3555338666091494
+0.5639141620657499 -0.5639141620657499 +0 
64 -0.471089712210427 -1.152889873669246 1.298453803497025
+0 +0 +0 
65 0.2563929207779657 -0.2974001989857644 0.2563929207779657
+0.5000004752498922 +0 -0.5000004752498922 
66 -1.131946520461282 -0.1395321719457456 -1.131946520461282
-0.5577811690526767 +0 +0.5577811690526767 
67 0.1135273619479666 -0.5028627412665172 -0.2321088331160405
+0 +0 +0 
68 -0.05807370512228969 -0.1716259029795249 -0.1716259029795249
+0 +0.5000000095172458 -0.5000000095172458 
69 -1.300992158843148 1.377204873053668 -1.300992158843148
+0.5721771992849702 +0 -0.5721771992849702 
70 -0.633277546883303 0.1420394841682168 -0.633277546883303
+0.4980974635066064 +0 -0.4980974635066064 
71 0.5595771147514923 -0.5465101521674628 -0.0778981943415382
+0 +0 +0 
72 1.276119699608791 -0.2405952658833364 -1.204320808400037
+0 +0 +0 
73 0.02531589929595111 0.02531589929595111 -1.172501797866815
+0.5 -0.5 +0 
74 0.5028627412665172 -0.1135273619479666 0.2321088331160405
+0 +0 +0 
75 -0.2247944652744285 -1.159386396676671 0.5952506302330015
+0 +0 +0 
76 -0.01785741727262783 -1.039305394772789 -0.4196980104058249
+0 +0 +0 
77 1.039305394772789 0.01785741727262783 0.4196980104058249
+0 +0 +0 
78 0.0410204862133526 1.138776750125706 -0.1220037994529361
+0 +0 +0 
79 0.2061312658034152 -0.1294322992748206 1.109705890216888
+0 +0 +0 
80 0.4905396075206274 0.2237902287083697 0.04437056299430338
+0 +0 +0 
81 1.172501797866815 -0.02531589929595111 -0.02531589929595111
+0 +0.5 -0.5 
82 -0.05916591342662774 0.5831172552459273 -1.188589882833001
+0 +0 +0 
83 -0.4085319083330364 -1.012605483059904 -0.1795705480441394
+0 +0 +0 
84 0.6518533479909834 -1.246605793228376 -1.246605793228376
+0 -0.5667294911782834 +0.5667294911782834 
85 0.218477523932371 -0.1092390081732799 0.218477523932371
+0.5000001075814211 +0 -0.5000001075814211 
86 0.3262894761821329 1.085160833910339 1.085160833910339
+0 -0.5542817861255106 +0.5542817861255106 
87 1.060990217109642 -0.1380200120823516 0.4295240305975075
+0 +0 +0 
88 -0.2964623598938427 0.2408388558456014 0.5151454497042192
+0 +0 +0 
89 -0.278337479123126 0.5444801998426053 -0.08954185263288798
+0 +0 +0 
90 0.6930350860518625 -0.6157270640855721 0.6930350860518625
+0.4970389273101951 +0 -0.4970389273101951 
91 0.1092390081732799 -0.218477523932371 -0.218477523932371
+0 -0.5000001075814211 +0.5000001075814211 
92 -0.2408388558456014 0.2964623598938427 -0.5151454497042192
+0 +0 +0 
93 -1.211040644172752 0.09397070632342372 0.5699386205046625
+0 +0 +0 
94 0.0778981943415382 0.5465101521674628 -0.5595771147514923
+0 +0 +0 
95 -0.2578080919185587 -0.07097175338915364 0.09546787851494962
+0 +0 +0 
96 0.2874717700394406 -0.531428794462721 -0.06757242579857994
+0 +0 +0 
97 0.2157862370396564 0.2157862370396564 0.2157685220347364
-0.9999246942236081 +0.9999246942236081 +0 
98 -0.5831172552459273 0.05916591342662774 1.188589882833001
+0 +0 +0 
99 -1.087109462038115 -0.1984421513546327 -0.026659108228826
+0 +0 +0 
100 0.1104009139091401 0.2484989419519358 0.1104009139091401
+0.5000000000806775 +0 -0.5000000000806775 
101 0.5274457611483453 0.04472335337950129 0.04472335337950129
+0 -0.5000000000000032 +0.5000000000000032 
102 -0.1104009139091401 -0.2484989419519358 -0.1104009139091401
+0.5000000000806775 +0 -0.5000000000806775 
103 -0.3287195065381376 0.6609930901838776 0.6609930901838776
+0 -0.4976452346701354 +0.4976452346701354 
104 0.2958149124121379 0.1058277108559247 -1.184004206550971
+0 +0 +0 
105 -1.213795287865521 -1.213795287865521 0.3555338666091494
+0.5639141620657499 -0.5639141620657499 +0 
106 0.1380200120823516 -0.4295240305975075 -1.060990217109642
+0 +0 +0 
107 -0.2761939664164362 0.07912649280617921 0.2670300527882471
+0 +0 +0 
108 -1.211318148107428 -1.277644655108166 -1.211318148107428
-1.043141321763056 +0 +1.043141321763056 
109 0.6157270640855721 -0.6930350860518625 -0.6930350860518625
+0 +0.4970389273101951 -0.4970389273101951 
110 -0.01306752552515184 1.162206985037166 1.162206985037166
+0 +0.5599684472468651 -0.5599684472468651 
111 -0.2941934995291518 -0.2941934995291518 0.5776453560621123
-0.5000015624031147 +0.5000015624031147 +0 
112* 0 0 1.165764074178211
+0.5 -0.5 +0 
113 -0.5611060257786881 -0.1806808873050475 -0.5611060257786881
+0.4990462177035516 +0 -0.4990462177035516 
114 0.531428794462721 0.06757242579857994 -0.2874717700394406
+0 +0 +0 
115 -1.255833978204119 1.233707874346387 0.07502968434418976
+0 +0 +0 
116 -0.1668649616535436 1.187671096303958 1.187671096303958
+0 +0.5618609276418307 -0.5618609276418307 
117 -1.187671096303958 -1.187671096303958 0.1668649616535436
-0.5618609276418307 +0.5618609276418307 +0 
118 0.6032452441560238 0.6032452441560238 0.01509569179339079
+0.4985300816135054 -0.4985300816135054 +0 
119 -0.04472335337950129 -0.04472335337950129 -0.5274457611483453
+0.5000000000000032 -0.5000000000000032 +0 
120 0.2941934995291518 -0.5776453560621123 0.2941934995291518
+0.5000015624031147 +0 -0.5000015624031147 