1 0.7338832400866121 0.7338832400866121
-0.4945834352596824 +0.4945834352596824 
2 -0.7338832400866121 -0.7338832400866121
+0.4945834352596824 -0.4945834352596824 
3 0.324895275386474 0.324895275386474
-0.500007934154676 +0.500007934154676 
4 1.152038878385509 0.4417636670088895
+0 +0 
5 -1.207106781186548 -0.2071067811865475
+0 +0 
6 -0.2671988653608086 -0.06920332884245793
+0 +0 
7 -0.324895275386474 -0.324895275386474
-0.500007934154676 +0.500007934154676 
8 -1.265055001122697 0.1286954179754749
+0 +0 
9 0.2071067811865475 1.207106781186548
+0 +0 
10 1.290419240201929 -0.3224762795016186
+0 +0 
11 0.5479524070655977 0.05590793796241467
+0 +0 
12 -0.5479524070655977 -0.05590793796241467
+0 +0 
13 -0.09771832327969807 0.2778200845477185
+0 +0 
14 1.308874184404643 1.308874184404643
+0.5816864559065162 -0.5816864559065162 
15 -0.2371118588934083 -0.5292638084916952
+0 +0 
16 1.373738709727311 -1.373738709727311
+0 +0 
17 -0.6236462180996929 1.321786200324698
+0 +0 
18 -1.321786200324698 0.6236462180996929
+0 +0 
19 0.3224762795016186 -1.290419240201929
+0 +0 
20 -0.5779211308977946 0.3020315479500999
+0 +0 
21 0.2371118588934083 0.5292638084916952
+0 +0 
22 -1.308874184404643 -1.308874184404643
-0.5816864559065162 +0.5816864559065162 
23 -0.2778200845477185 0.09771832327969807
+0 +0 
24 -0.1286954179754749 1.265055001122697
+0 +0 
25 1.239447329308341 0.03469528932833555
+0 +0 
26 -0.595876796297105 0.595876796297105
+0 +0 
27 -0.1098746362221972 0.5630391498334237
+0 +0 
28 -0.3020315479500999 0.5779211308977946
+0 +0 
29 0.06920332884245793 0.2671988653608086
+0 +0 
30 -1.152038878385509 -0.4417636670088895
+0 +0 
31 0.2886751345948129 -0.2886751345948129
+0 +0 
32 -0.5630391498334237 0.1098746362221972
+0 +0 
33 -0.03469528932833555 -1.239447329308341
+0 +0 
34 -0.08816349035423249 0.08816349035423249
+0 +0 
35** 0 0
+0.5 -0.5 