1 0.6096425830244182 0.3025146235325002
+0 +0 
2 1.487137977550676 -0.7154785527464328
+0 +0 
3 -0.1372735958863978 -0.3339477171430541
+0 +0 
4 -1.388232889803899 -0.1028688821430157
+0 +0 
5 0.4565458873496082 0.4565458873496082
+0.5000633693718479 -0.5000633693718479 
6 1.388232889803899 0.1028688821430157
+0 +0 
7 -1.297555896665106 -0.5109240923004166
+0 +0 
8 1.456873820625075 -0.3953082029715792
+0 +0 
9 0.1437782973683031 0.1437782973683031
-0.4999999995149884 +0.4999999995149884 
10 0.8788815655188403 0.8788815655188403
-0.4890014370473737 +0.4890014370473737 
11 -1.481279452343181 -1.481279452343181
+0.6006055300913438 -0.6006055300913438 
12 -0.8788815655188403 -0.8788815655188403
+0.4890014370473737 -0.4890014370473737 
13 -0.1987993925903591 1.433678483525244
+0 +0 
14 1.412123524395895 -0.04416282212733806
+0 +0 
15 1.481279452343181 1.481279452343181
+0.6006055300913438 -0.6006055300913438 
16 0.1624598481164532 -0.1624598481164532
+0 +0 
17 0.6438604560297048 -0.02688123957116997
+0 +0 
18 1.538841768587627 -1.538841768587627
+0 +0 
19 0.6881909602355868 -0.6881909602355868
+0 +0 
20 -0.6708194636925045 0.3759171425326065
+0 +0 
21 0.3953082029715792 -1.456873820625075
+0 +0 
22 0.2706128780775966 1.355923258420054
+0 +0 
23 1.297555896665106 0.5109240923004166
+0 +0 
24 0.7154785527464328 -1.487137977550676
+0 +0 
25 0.62920867126573 0.1239868083830024
+0 +0 
26 -0.3632712640026805 0.3632712640026805
+0 +0 
27 -0.4565458873496082 -0.4565458873496082
+0.5000633693718479 -0.5000633693718479 
28 -0.1239868083830024 -0.62920867126573
+0 +0 
29 0.3439700739601945 -0.01569890609017812
+0 +0 
30 0.3339477171430541 0.1372735958863978
+0 +0 
31 0.1709804952488268 -0.3532646206024723
+0 +0 
32 -0.3759171425326065 0.6708194636925045
+0 +0 
33 0.1987993925903591 -1.433678483525244
+0 +0 
34 -0.6096425830244182 -0.3025146235325002
+0 +0 
35 -0.3439700739601945 0.01569890609017812
+0 +0 
36 -0.6438604560297048 0.02688123957116997
+0 +0 
37 -0.1709804952488268 0.3532646206024723
+0 +0 
38 -0.2706128780775966 -1.355923258420054
+0 +0 
39 -0.1547817596112368 0.007304557696828471
+0 +0 
40 -0.007304557696828471 0.1547817596112368
+0 +0 
41 0.1819810025082561 -0.6569824250502629
+0 +0 
42 0.6569824250502629 -0.1819810025082561
+0 +0 
43 0.04416282212733806 -1.412123524395895
+0 +0 
44 -0.1437782973683031 -0.1437782973683031
-0.4999999995149884 +0.4999999995149884 
45* 0 0
-0.5 +0.5 