1 -0.8660254037844386 -0.8305741850012084 -0.8305741850012084
+0 +0.9993714079794276 -0.9993714079794276 
2 -0.4567566503356553 0.8780581592054192 0.8780581592054192
+0 +0.5302185174528595 -0.5302185174528595 
3 0.1475434909151139 -0.2951796725692337 -0.2951796725692337
+0 +0.4999726388293763 -0.4999726388293763 
4 0.7972439240508055 0.00333173578058291 0.7972439240508055
-0.5238002720547019 +0 +0.5238002720547019 
5 -0.1132455498571635 -0.1132455498571635 -0.3314329153933754
-0.4999999919628248 +0.4999999919628248 +0 
6 0.0949589089230983 0.9091905203989296 -0.9382005129587954
+0 +0 +0 
7 0.6331737998049989 0.5322498774994153 0.5322498774994153
+0 -0.5032527706661172 +0.5032527706661172 
8 -0.2243786851599817 -0.06453327361758605 -0.2243786851599817
-0.4999966788462375 +0 +0.4999966788462375 
9 0.2659485501818176 0.2659485501818176 0.2656969215984817
-0.9992310356449179 +0.9992310356449179 +0 
10 -0.8780581592054192 -0.8780581592054192 0.4567566503356553
+0.5302185174528595 -0.5302185174528595 +0 
11 -0.8373106689142568 0.192281715999474 -0.8373106689142568
-0.526944270303597 +0 +0.526944270303597 
12 0.7957253348433656 0.2845228567037199 -0.1576335203451046
+0 +0 +0 
13* 0 0 0.1039599051805724
+0.5 -0.5 +0 
14 -0.3498801507282223 0.4088273328080803 -0.3498801507282223
+0.4999135100025752 +0 -0.4999135100025752 
15 -0.5322498774994153 -0.6331737998049989 -0.5322498774994153
-0.5032527706661172 +0 +0.5032527706661172 
16 -0.09899637919998355 -0.3585500982843343 0.3746418363932936
+0 +0 +0 
17 0.7402171471012321 0.7402171471012321 0.2073734659317067
-0.5191647610520103 +0.5191647610520103 +0 
18 -0.192281715999474 0.8373106689142568 0.8373106689142568
+0 -0.526944270303597 +0.526944270303597 
19 0.1132455498571635 0.3314329153933754 0.1132455498571635
-0.4999999919628248 +0 +0.4999999919628248 
20 -0.4138745742871751 0.2988017500562397 0.824089352252469
+0 +0 +0 
21 -0.7402171471012321 -0.7402171471012321 -0.2073734659317067
+0.5191647610520103 -0.5191647610520103 +0 
22 -0.0949589089230983 0.9382005129587954 -0.9091905203989296
+0 +0 +0 
23 1.040268571790232 -0.9376246459595073 -0.9376246459595073
+0 -0.5355140686050441 +0.5355140686050441 
24 -0.7972439240508055 -0.7972439240508055 -0.00333173578058291
-0.5238002720547019 +0.5238002720547019 +0 
25 0.2951796725692337 -0.1475434909151139 0.2951796725692337
+0.4999726388293763 +0 -0.4999726388293763 
26* -0.1039599051805724 0 0
+0 -0.5 +0.5 
27 0.2243786851599817 0.06453327361758605 0.2243786851599817
-0.4999966788462375 +0 +0.4999966788462375 
28 -0.2659485501818176 -0.2656969215984817 -0.2659485501818176
+0.9992310356449179 +0 -0.9992310356449179 
29 -0.2845228567037199 0.1576335203451046 -0.7957253348433656
+0 +0 +0 
30 0.07523446815448753 -0.3985313266279947 0.8660254037844386
+0 +0 +0 
31 0.1457356036664498 -0.06238164330468606 -0.8367052741624559
+0 +0 +0 
32** 0 -0.8660254037844386 0
-0.5 +0 +0.5 
33 0.8305741850012084 0.8305741850012084 0.8660254037844386
-0.9993714079794276 +0.9993714079794276 +0 
34 0.31984700118146 -0.9648781896828186 0.8660254037844386
+0 +0 +0 
35 -0.3824339926913334 -0.119182122179794 0.8953160124803201
+0 +0 +0 
36 0.4149104193131669 -0.9606883072950502 0.4149104193131669
-0.4997516853514011 +0 +0.4997516853514011 
37 0.08572173161175788 0.3421510745823317 -0.1257056921150205
+0 +0 +0 
38 0.3498801507282223 0.3498801507282223 -0.4088273328080803
-0.4999135100025752 +0.4999135100025752 +0 
39* 0 0 0
-0.5 +0.5 +1.512357681307666 
40 -0.824089352252469 0.4138745742871751 -0.2988017500562397
+0 +0 +0 
41 -0.039707892637704 -0.7682436432573286 -0.2716681064920405
+0 +0 +0 
42 0.3985313266279947 -0.8660254037844386 -0.07523446815448753
+0 +0 +0 
43 -0.8660254037844386 0.9648781896828186 -0.31984700118146
+0 +0 +0 
44 0.3585500982843343 0.09899637919998355 -0.3746418363932936
+0 +0 +0 
45 -1.040268571790232 0.9376246459595073 0.9376246459595073
+0 +0.5355140686050441 -0.5355140686050441 
46** 0.8660254037844386 0 0
+0 +0.5 -0.5 
47 0.3824339926913334 0.119182122179794 -0.8953160124803201
+0 +0 +0 
48 0.9606883072950502 -0.4149104193131669 -0.4149104193131669
+0 -0.4997516853514011 +0.4997516853514011 
49 0.8367052741624559 0.06238164330468606 -0.1457356036664498
+0 +0 +0 
50 0.2716681064920405 0.039707892637704 0.7682436432573286
+0 +0 +0 
51* 0 0.355553222914862 0
-0.5 +0 +0.5 
52* 0 0 0
+0.5 -0.5 -1.512357681307666 
53 -0.08572173161175788 0.1257056921150205 -0.3421510745823317
+0 +0 +0 
54* 0 -0.355553222914862 0
+0.5 +0 -0.5 