1 1.154729018726905 -0.5285002997002971
+0 +0 
2 -0.4811541451184601 0.2215653984656448
+0 +0 
3 -1.008323971685768 -0.3683024511781379
+0 +0 
4 -0.1649180453148215 -0.4461977605394142
+0 +0 
5 0.1763261665716723 0.1763261665716723
+0.5000001435535991 -0.5000001435535991 
6 -0.4646346720406741 0.02533213513123107
+0 +0 
7 1.092945207104729 -0.04741252194154409
+0 +0 
8 -0.02533213513123107 0.4646346720406741
+0 +0 
9 0.01129832000759167 -0.1948862802019089
+0 +0 
10 0.4811541451184601 -0.2215653984656448
+0 +0 
11 0.3683024511781379 1.008323971685768
+0 +0 
12 -0.01129832000759167 0.1948862802019089
+0 +0 
13 1.132771753171518 1.132771753171518
-0.5628614053638109 +0.5628614053638109 
14 0.5808884158560133 0.5808884158560133
-0.4979404900064825 +0.4979404900064825 
15 -0.5808884158560133 -0.5808884158560133
+0.4979404900064825 -0.4979404900064825 
16 -1.060038009303727 -0.1363378720880125
+0 +0 
17 1.12173099623642 -0.2436024534607781
+0 +0 
18 0.2436024534607781 -1.12173099623642
+0 +0 
19 -1.132771753171518 -1.132771753171518
-0.5628614053638109 +0.5628614053638109 
20 0.5285002997002971 -1.154729018726905
+0 +0 
21 -1.207106781186548 1.207106781186548
+0 +0 
22 0.4461977605394142 0.1649180453148215
+0 +0 
23 0.5 -0.5
+0 +0 
24 0.2071067811865475 -0.2071067811865475
+0 +0 
25 0.1363378720880125 1.060038009303727
+0 +0 
26 0.04741252194154409 -1.092945207104729
+0 +0 
27 -0.1763261665716723 -0.1763261665716723
-0.5000001435535991 +0.5000001435535991 
28* 0 0
+0.5 -0.5 