1 -1.108590697404399 1.056154427580594 0.1727216765865053
+0 +0 +0 
2 0.556876840014352 -1.066553398129699 -1.066553398129699
+0 -0.5480343247024437 +0.5480343247024437 
3 -0.4935403176574867 0.246221603057244 -0.4935403176574867
+0.4994582377141884 +0 -0.4994582377141884 
4 -0.9159782669117569 -0.2690278740245609 -0.9159782669117569
-0.5355745313672968 +0 +0.5355745313672968 
5 -1.137888360120543 0.5862510775687631 0.5862510775687631
+0 -0.4985944207999568 +0.4985944207999568 
6 1.210119861365819 -1.122760285113498 -1.122760285113498
+0 -0.5534793133764833 +0.5534793133764833 
7 -0.8887031203120337 -0.1149210441638061 -0.3425968928748123
+0 +0 +0 
8 0.3541829825638195 0.9152959963287801 -0.05843520620811007
+0 +0 +0 
9 1.030969147731804 1.030969147731804 -0.2784335061091502
-0.5449984331281496 +0.5449984331281496 +0 
10 0.431009948231322 -0.2163394332047652 0.1686098803308496
+0 +0 +0 
11 0.3983492139778743 1.008908397017139 -1.132684969007
+0 +0 +0 
12 -0.0768050330770082 -0.9665127139440589 -0.9665127139440589
+0 -0.5398313277333507 +0.5398313277333507 
13 1.108590697404399 -1.056154427580594 -0.1727216765865053
+0 +0 +0 
14 -0.4464053688769866 -0.1803941510482648 0.4761048103183111
+0 +0 +0 
15 0.1553817558101004 1.012130460854513 -0.4995398386990956
+0 +0 +0 
16 0.4696826847305875 0.1984368607635201 -1.065257638598041
+0 +0 +0 
17 1.000335208475081 -0.09042515512921798 1.000335208475081
+0.5425269614853201 +0 -0.5425269614853201 
18 -0.9594368318889612 0.04869996573134379 -0.1348058520721968
+0 +0 +0 
19 0 0.4623056031795521 -0.4623056031795521
+0 +0 +0 
20 0.05653087163356657 -0.4554132127740073 -0.4554132127740073
+0 -0.4996681301069437 +0.4996681301069437 
21 0.05843520620811007 -0.9152959963287801 -0.3541829825638195
+0 +0 +0 
22 1.066553398129699 -0.556876840014352 1.066553398129699
+0.5480343247024437 +0 -0.5480343247024437 
23 0.03080078467980483 -1.012966828840849 0.2247510507482605
+0 +0 +0 
24 0.1803941510482648 0.4464053688769866 -0.4761048103183111
+0 +0 +0 
25 0.5167730052301492 -0.5320343167976879 -0.5320343167976879
+0 -0.4991726880238178 +0.4991726880238178 
26 0.9841194250399079 0.1440399285141479 -0.2346103326647572
+0 +0 +0 
27 0.4687716757935687 -0.1255086704541431 -0.1255086704541431
+0 -0.5000000018635008 +0.5000000018635008 
28 0.4036818252061818 0.1249843111808188 0.4036818252061818
+0.4998559043116804 +0 -0.4998559043116804 
29 -1.008908397017139 1.132684969007 -0.3983492139778743
+0 +0 +0 
30 -0.06674348094581584 0.2001725856791984 -0.06674348094581584
-0.5000000000046119 +0 +0.5000000000046119 
31 -0.4859094565961731 1.040982063899092 -0.01888564606129947
+0 +0 +0 
32 -0.4175258514286466 -0.1588129885723589 0.0304484059690835
+0 +0 +0 
33 1.122760285113498 -1.210119861365819 1.122760285113498
-0.5534793133764833 +0 +0.5534793133764833 
34 0.2784335061091502 -1.030969147731804 -1.030969147731804
+0 +0.5449984331281496 -0.5449984331281496 
35 -0.7399851562589235 -0.7399851562589235 -0.656499569607336
-0.5157575533182737 +0.5157575533182737 +0 
36 -0.365361975424906 -0.9390283462446467 0.2451936167213266
+0 +0 +0 
37 0.4935403176574867 0.4935403176574867 -0.246221603057244
-0.4994582377141884 +0.4994582377141884 +0 
38 0.1348058520721968 -0.04869996573134379 0.9594368318889612
+0 +0 +0 
39 0.1255086704541431 -0.4687716757935687 0.1255086704541431
+0.5000000018635008 +0 -0.5000000018635008 
40 0.4865030172494573 0.4848205891780444 0.4848205891780444
+0 +0.9997669412931108 -0.9997669412931108 
41 0.9159782669117569 0.2690278740245609 0.9159782669117569
-0.5355745313672968 +0 +0.5355745313672968 
42 0.0768050330770082 0.9665127139440589 0.9665127139440589
+0 +0.5398313277333507 -0.5398313277333507 
43 -0.1249843111808188 -0.4036818252061818 -0.4036818252061818
+0 +0.4998559043116804 -0.4998559043116804 
44 1.137888360120543 -0.5862510775687631 -0.5862510775687631
+0 -0.4985944207999568 +0.4985944207999568 
45 0.1655259748191917 0.964650865110933 0.1655259748191917
+0.4999999756803848 +0 -0.4999999756803848 
46 0.4554132127740073 0.4554132127740073 -0.05653087163356657
-0.4996681301069437 +0.4996681301069437 +0 
47 -1.026228172468596 -1.078725362067445 -1.026228172468596
+1.018929711044933 +0 -1.018929711044933 
48 0.1910771922084244 -1.063399255453405 0.1910771922084244
+0.5000000785207127 +0 -0.5000000785207127 
49 0.656499569607336 0.7399851562589235 0.7399851562589235
+0 +0.5157575533182737 -0.5157575533182737 
50 0.3027932933951039 0.3789184283488422 0.3027932933951039
+0.4999875917123024 +0 -0.4999875917123024 
51 0.2062265079532372 0.01190528576723126 -0.4467036520435286
+0 +0 +0 
52 1.026228172468596 1.078725362067445 1.026228172468596
-1.018929711044933 +0 +1.018929711044933 
53 -0.01190528576723126 -0.2062265079532372 0.4467036520435286
+0 +0 +0 
54 0 0 0
+1.000101739815029 -1.000101739815029 +0 
55 0 -0.1941459127429079 0.1941459127429079
+0 +0 +0 
56** 0 0 0
-0.5 +0.5 +0 
57* -1.01564600749731 0 0
+0 -0.5 +0.5 
58 1.08506028053122 -1.08506028053122 0
+0 +0 +0 
59* 0 0 0
-0.5 +1.506031967288627 +0.5 
60 0.2163394332047652 -0.431009948231322 -0.1686098803308496
+0 +0 +0 
61 0.09042515512921798 -1.000335208475081 -1.000335208475081
+0 +0.5425269614853201 -0.5425269614853201 
62 -0.1655259748191917 -0.964650865110933 -0.1655259748191917
+0.4999999756803848 +0 -0.4999999756803848 
63* 0 -0.1899512540794975 0
+0.5 +0 -0.5 
64* 0 0.1899512540794975 0
-0.5 +0 +0.5 
65 -0.9662144603821659 -0.378554526037619 0.5136027769229089
+0 +0 +0 
66* -0.4477878906621428 0 0
+0 +0.5 -0.5 
67 -0.1910771922084244 -0.1910771922084244 1.063399255453405
-0.5000000785207127 +0.5000000785207127 +0 
68 0.1149210441638061 0.8887031203120337 0.3425968928748123
+0 +0 +0 
69* 0 0 1.01564600749731
-0.5 +0.5 +0 
70* 0.4477878906621428 0 0
+0 -0.5 +0.5 
71* 0 0 0
-0.5 -1.506031967288627 +0.5 
72 -0.9841194250399079 0.2346103326647572 -0.1440399285141479
+0 +0 +0 
73 0.378554526037619 0.9662144603821659 -0.5136027769229089
+0 +0 +0 
74 -0.5167730052301492 0.5320343167976879 0.5320343167976879
+0 -0.4991726880238178 +0.4991726880238178 
75 -0.3789184283488422 -0.3027932933951039 -0.3027932933951039
+0 +0.4999875917123024 -0.4999875917123024 
76 0.9390283462446467 -0.2451936167213266 0.365361975424906
+0 +0 +0 
77 0.4995398386990956 -1.012130460854513 -0.1553817558101004
+0 +0 +0 
78 -0.2247510507482605 -0.03080078467980483 1.012966828840849
+0 +0 +0 
79 -0.0304484059690835 0.1588129885723589 0.4175258514286466
+0 +0 +0 
80 -0.4696826847305875 1.065257638598041 -0.1984368607635201
+0 +0 +0 
81 0.06674348094581584 -0.2001725856791984 0.06674348094581584
+0.5000000000046119 +0 -0.5000000000046119 
82 0.4859094565961731 -1.040982063899092 0.01888564606129947
+0 +0 +0 
83 -0.4848205891780444 -0.4848205891780444 -0.4865030172494573
-0.9997669412931108 +0.9997669412931108 +0 