1 0.5007406181228679 -0.08414321422193875 -0.5255222567197083 0.2431733992948873
+0 +0 +0 +0 
2* 0 -0.06557876918161118 -0.2474896028890519 0
+0.5 +0 +0 -0.5 
3 1.184808635254387 -0.05353114457722437 -0.6026845150855614 -0.6026845150855614
+0 +0 -0.4990268749648493 +0.4990268749648493 
4 0.5679101176799587 -0.04114950675449198 -0.4273087854370287 -0.9991766188031519
+0 +0 +0 +0 
5 1.213548551530676 -1.156244203201822 -0.4999293493260051 1.213548551530676
-0.5558782213583078 +0 +0 +0.5558782213583078 
6 1.164222025836331 -1.054650840499137 -0.4522989209432611 0.08824784169972882
+0 +0 +0 +0 
7 1.299609203496183 -0.6641750145094819 -0.6621506975137405 -0.6621506975137405
+0 +0 -1.001327352338588 +1.001327352338588 
8 1.017996221028974 -0.5563494504265246 -0.1050963440661347 0.4359056912276391
+0 +0 +0 +0 
9 1.119815363321774 -0.592228019042919 -0.1294393803450816 1.119815363321774
-0.5475296622730724 +0 +0 +0.5475296622730724 
10 1.088012000948082 -0.5346970292548947 -0.09153498493837868 0.06118138998314016
+0 +0 +0 +0 
11 1.138544601143158 -0.5475517367355788 -0.06452552061037935 -0.06452552061037935
+0 +0 -0.500000000000017 +0.500000000000017 
12 1.211388106858014 -0.476761771706054 -0.4517341152369161 -0.476761771706054
+0 -0.4998447478722291 +0 +0.4998447478722291 
13** 0.5355231444834411 -0.5355231444834411 0 0
+0 +0 +0.5 -0.5 
14* 0 -0.4140693007297162 -0.9800222973783862 0
+0.5 +0 +0 -0.5 
15 1.137556597517832 -0.4606408230800634 -1.072022029786937 0.2479455629898013
+0 +0 +0 +0 
16 1.035975791677396 -1.184064658587257 0.4437100426961449 0.0550599885540382
+0 +0 +0 +0 
17 1.156244203201822 -1.213548551530676 0.4999293493260051 -1.213548551530676
+0 -0.5558782213583078 +0 +0.5558782213583078 
18 1.072022029786937 -1.137556597517832 0.4606408230800634 -0.2479455629898013
+0 +0 +0 +0 
19 1.091220984225222 -1.091220984225222 0.4699937821942077 -0.4699937821942077
+0 +0 +0 +0 
20* 1.097042002971943 -0.2944167781284188 0 0
+0 +0 -0.5 +0.5 
21 1.297534565572673 -0.9229937857458094 -0.720299698353753 -0.9229937857458094
+0 +0.5290453653939155 +0 -0.5290453653939155 
22** 1.165764074178209 -1.165764074178213 0 0
+0 +0 +0.4999999999999925 -0.5000000000000076 
23 1.230892928170636 -0.3245859637061768 -1.067878254013521 -0.3245859637061768
+0 +0.4999981467949514 +0 -0.4999981467949514 
24 1.164264340158823 -0.2271212867347398 -1.080224242111973 -0.06287126410905118
+0 +0 +0 +0 
25* 0 -0.1982911747795942 -1.024801047875373 0
+0.5 +0 +0 -0.5 
26 1.117763179151264 -0.2403103993623403 -1.117763179151264 0.2403103993623403
+0 +0 +0 +0 
27 1.036015821980062 -0.2726285017503636 -0.5412976944389827 0.4444779662182298
+0 +0 +0 +0 
28 1.106922964753728 -0.2575741578382313 -0.520153922573217 0.06756512536814395
+0 +0 +0 +0 
29 1.266716727802261 -1.118774469293151 -1.118774469293151 -0.1732412354994166
+0 +0.5489207268386116 -0.5489207268386116 +0 
30 1.127090977955592 -0.2504276308746226 -0.5093867162779074 -0.07865495189312305
+0 +0 +0 +0 
31* 0 -0.2226186415356843 -0.4800683551571209 0
+0.5 +0 +0 -0.5 
32 1.080571616469936 -0.2646143064401716 -0.5302324735769768 0.2268183258810825
+0 +0 +0 +0 
33 1.096778179824692 -0.6773409566902051 -0.6773409566902051 0.474665730223855
+0 +0.498142218321932 -0.498142218321932 +0 
34 1.223227589829535 -0.752776731782297 -0.752776731782297 1.223227589829535
-0.5558924627278129 +0.4967803605258943 -0.4967803605258943 +0.5558924627278129 
35 1.166931539668739 -0.6297955742724428 -0.6297955742724428 0.09099583855398741
+0 +0.4987413804774085 -0.4987413804774085 +0 
36* 1.17844025784981 0 0 0.001986972595396298
-0.1319273475190123 +0.5 -0.5 +1.502519524902957 
37 1.199418462642952 -0.5627387147483193 -0.5627387147483193 -0.2127527064886668
+0 +0.4993806685722408 -0.4993806685722408 +0 
38* 0 -0.5445616615146574 -0.5445616615146574 0
+0.5 +0.4994531939277921 -0.4994531939277921 -0.5 
39 1.141776866216803 -0.6530857807997497 -0.6530857807997497 0.2515060343038966
+0 +0.498465702878979 -0.498465702878979 +0 
40 1.079030329296616 -0.2570562926063957 0.2255294057020846 -0.2570562926063957
+0 -0.5000001810474223 +0 +0.5000001810474223 
41 1.126140698664806 0.0749615340733662 -0.0749615340733662 -1.126140698664806
+0 +0 +0 +0 
42* 1.052645959311017 0.03650677394049146 0 0
+0 +0 +0.5 -0.5 
43 1.016494668107988 0.2085154372424827 -0.1394739445590056 0.2085154372424827
+0 +0.4999999762810203 +0 -0.4999999762810203 
44 1.131032608475201 1.079280223719385 -0.2040668728583341 1.079280223719385
+0 +1.017998591055295 +0 -1.017998591055295 
45 0.9954862676993102 -0.2968549386792675 -0.1155378993011467 0.4252052531604314
+0 +0 +0 +0 
46 1.038610125734371 -0.288449098044521 -0.108093774193255 0.2110665634921263
+0 +0 +0 +0 
47* 0 -0.495377628084646 -0.05438075854811999 0
+0.5 +0 +0 -0.5 
48 0.952866954429992 -0.3123938344581401 0.1875932286290853 0.4066095443982928
+0 +0 +0 +0 
49 1.118774469293151 -1.266716727802261 0.1732412354994166 1.118774469293151
-0.5489207268386116 +0 +0 +0.5489207268386116 
50* 1.075046936567555 -0.1166421408558963 0 0
+0 +0 +0.5 -0.5 
51 1.282680887566222 -0.3567390465819748 -1.073920767284073 -1.073920767284073
+0 +0 +0.5455918528530487 -0.5455918528530487 
52* 0.5206074254631936 -0.2772105547493717 0 0
+0 +0 +0.5 -0.5 
53 0.9577990835437518 -0.1296724445739804 0.4077488334999926 0.02539719560259699
+0 +0 +0 +0 
54 1.038272366809306 -0.287768622437898 0.4465539010352718 -0.287768622437898
+0 -0.5000005313805063 +0 +0.5000005313805063 
55 1.078379653331825 0.2608497858251016 0.2609539861445315 0.2608497858251016
+0 -1.000018346028821 +0 +1.000018346028821 
56 0.9590402188921726 0.8056497804048131 0.7472435024700159 0.8056497804048131
+0 -1.036282313052593 +0 +1.036282313052593 
57 0.9991766188031519 -0.5679101176799587 0.4273087854370287 0.04114950675449198
+0 +0 +0 +0 
58 1.125207771557061 -0.2763125394499443 -0.1248277201012013 -0.1248277201012013
+0 +0 -0.5000000000545957 +0.5000000000545957 
59 1.054650840499137 -1.164222025836331 -0.08824784169972882 0.4522989209432611
+0 +0 +0 +0 
60 1.168791948005036 -1.231055557255836 -0.1124299894871936 1.168791948005036
-0.5524618431359014 +0 +0 +0.5524618431359014 
61 1.06464475024125 -0.2809513402788445 -0.1017218783115823 0.05244551273520304
+0 +0 +0 +0 
62* 0.9800222973783862 0 0.4140693007297162 0
+0 +0.5 +0 -0.5 
63 0.9343368384563698 -0.1360124432955384 0.3978925220301956 0.1805867209008822
+0 +0 +0 +0 
64 0.7141549160257162 -0.1714036879751409 0.7882890127511329 0.7882890127511329
+0 +0 +0.5148807356608802 -0.5148807356608802 
65* 0.5582895822727823 -1.123481647832334 0 0
+0 +0 +0.5 -0.5 
66 0.520153922573217 -1.106922964753728 -0.06756512536814395 0.2575741578382313
+0 +0 +0 +0 
67* 0 -1.052645959311017 -0.03650677394049146 0
+0.5 +0 +0 -0.5 
68 1.011902837954899 -1.201834722449146 0.2099773940037445 0.4335082150646594
+0 +0 +0 +0 
69 1.02699951962164 -0.3211022929715338 0.2431851060385962 0.2431851060385962
+0 +0 -0.499999882729123 +0.499999882729123 
70* 0 -0.1669320778638462 -0.1669320778638462 0
-0.5 +0.500000004773704 -0.500000004773704 +0.5 
71 1.100781870785363 -0.2235685127642222 -0.2235685127642222 0.06166624971550082
+0 +0.5000000436307663 -0.5000000436307663 +0 
72 1.201834722449146 -0.2099773940037445 -0.4335082150646594 -1.011902837954899
+0 +0 +0 +0 
73 0.9765133938142905 -0.3048698222864835 0.4165665466287065 0.03222080150722551
+0 +0 +0 +0 
74 0.71484407933836 -0.3525722736274914 0.8216644529318894 0.8216644529318894
+0 +0 +0.5179323468121961 -0.5179323468121961 
75 1.144323344693535 -0.2336915248436798 -1.099754504856644 0.08102022242684595
+0 +0 +0 +0 
76 1.204288059414087 -1.189868073341181 0.2727373690229612 -1.189868073341181
+0 +0.5540188017367729 +0 -0.5540188017367729 
77* 1.024801047875373 0 0.1982911747795942 0
+0 +0.5 +0 -0.5 
78 1.204601800886775 -0.1964357553864295 -0.1964744862305051 -0.1964744862305051
+0 +0 -0.9999836393654412 +0.9999836393654412 
79 1.090063907370469 -0.1400911462477245 -0.323693451718383 1.090063907370469
-0.5448940403480487 +0 +0 +0.5448940403480487 
80 0.4800683555447872 -2.520103747012106e-009 0.2226186418628512 -2.520103747012106e-009
+0 +0.5000000002552454 +0 -0.4999999997447546 
81 1.011273460874134 -0.1598902439782604 1.011273460874134 0.1463399420693965
-0.5385111952814304 +0 +0.5385111952814304 +0 
82 0.9754012295179597 0.1964513959390958 -0.5783690145754942 0.4172751264182456
+0 +0 +0 +0 
83 1.068003626163969 0.1608793379651274 -0.613859965412922 1.068003626163969
-0.5436254890987394 +0 +0 +0.5436254890987394 
84* 1.123481647832334 0 -0.5582895822727823 0
+0 -0.5 +0 +0.5 
85 0.7150852238364281 0.7535873719335956 0.7535873719335956 -0.02289371909115614
+0 +0.5119580377157499 -0.5119580377157499 +0 
86 0.720299698353753 0.9229937857458094 0.9229937857458094 -1.297534565572673
+0 +0.5290453653939155 -0.5290453653939155 +0 
87 0.7168252315446286 0.8611861402142171 0.8611861402142171 -0.6326982226483213
+0 +0.5218960733124459 -0.5218960733124459 +0 
88 1.018730815243229 -0.2964339142995308 0.2043671309414705 0.03999137371600873
+0 +0 +0 +0 
89** 0 -0.2659137285956085 0.2659137285956085 0
+0.5 +0 +0 -0.5 
90 1.041668184289544 -0.5939692154358794 0.278275270096729 0.278275270096729
+0 +0 -0.4999995612718861 +0.4999995612718861 
91 1.042145398632155 -0.5565391636729474 0.2133336274256432 0.0489158329130272
+0 +0 +0 +0 
92 1.384295943410826 -1.194639403897931 -1.194639403897931 -1.251821563263056
+0 -1.030262175370846 +1.030262175370846 +0 
93 1.080224242111973 -1.164264340158823 0.06287126410905118 0.2271212867347398
+0 +0 +0 +0 
94 1.231055557255836 -1.168791948005036 -1.168791948005036 0.1124299894871936
+0 -0.5524618431359014 +0.5524618431359014 +0 
95 1.250302573173913 -1.146611458639379 -1.146611458639379 -0.02767492464546447
+0 -0.550882108644824 +0.550882108644824 +0 
96 0.5080612751676539 1.981772546742386e-010 1.981772546742386e-010 -0.1006246037045481
+0 +0.5000000006004816 -0.4999999993995185 +0 
97 0.9992907814110427 0.03313610257555374 0.1972068779549457 -0.1222124997462813
+0 +0 +0 +0 
98 0.9950849629748869 0.1152980106258507 0.1829848258142175 0.1152980106258507
+0 +0.499999999973926 +0 -0.499999999973926 
99* 0 0.1458115941686058 0 0.001439063921142544
+0.5 +0.03840590119708074 -0.5 -1.506733736209693 
100* 0 -1.060733022983858 -1.060733022983858 0
-0.5 +0.5412899507511416 -0.5412899507511416 +0.5 
101* 0 0.2566019293875435 -0.09027070273799948 0
+0.5 +0 +0 -0.5 
102 1.080793430808222 1.029832317014975 0.07983613309612236 1.029832317014975
+0 -1.014235382470007 +0 +1.014235382470007 
103* 0 0 0.1669320778638462 0.1669320778638462
+0.5 -0.5 -0.500000004773704 +0.500000004773704 
104* 0 0 0 0
-0.5 +2.609527643360934 +0.5 +1.500076039016975 
105** 0 -0.08199356634008456 0.08199356634008456 0
+0.5 +0 +0 -0.5 
106 1.114701645612064 -0.1807137554671831 -0.1807137554671831 -0.09355235179702638
+0 -0.5000000042270361 +0.5000000042270361 +0 
107* 0 1.060733022983858 1.060733022983858 0
-0.5 +0.5412899507511416 -0.5412899507511416 +0.5 
108 0.9157444898681719 0.3894936923684273 0.1741412123012475 0.01321730864299901
+0 +0 +0 +0 
109* 0 0.5445616615146574 0.5445616615146574 0
-0.5 +0.4994531939277921 -0.4994531939277921 +0.5 
110 0.7358407067445393 0.6261245967303621 0.6261245967303621 0.3111830047955781
+0 +0.5037607996231185 -0.5037607996231185 +0 
111 1.067878254013521 -1.230892928170636 0.3245859637061768 0.3245859637061768
+0 +0 -0.4999981467949514 +0.4999981467949514 
112 1.007283971638435 0.01653413427541806 0.1674341341362061 0.1674341341362061
+0 +0 -0.4999999979122183 +0.4999999979122183 
113 1.192476311834071 -0.681110670148095 1.138466493181434 1.138466493181434
+0 +0 -1.023578920970519 +1.023578920970519 
114* 0 0.495377628084646 0.05438075854811999 0
+0.5 +0 +0 -0.5 
115* 0 -0.002448240497965476 -0.3200758846518812 0
-0.5 +1.505597441525777 -0.04663627626581737 +0.5 
116* 0 -0.001439063921142544 -0.1458115941686058 0
-0.5 +1.506733736209693 -0.03840590119708074 +0.5 
117 0.9660529059231543 0.05792385501956414 0.05792385501956414 0.4056097750789017
+0 +0.499999999999994 -0.499999999999994 +0 
118* 0.5816561347341195 0 0.002688327111887154 0
+0.067276752651034 -0.5 -1.504048603578228 +0.5 
119 0.5021818308670529 0.06876194048350437 -0.08764656849699475 -0.2659959490080269
+0 +0 +0 +0 
120 0.5346970292548947 0.09153498493837868 -0.06118138998314016 -1.088012000948082
+0 +0 +0 +0 
121 0.5149274860657148 0.07758743702331221 -0.07758743702331221 -0.5149274860657148
+0 +0 +0 +0 
122 0.5330073472673621 0.5315009677745478 -0.1778017363352231 0.5315009677745478
+0 +0.9996387074542886 +0 -0.9996387074542886 
123 1.251821563263056 -1.384295943410826 1.194639403897931 1.194639403897931
+0 +0 +1.030262175370846 -1.030262175370846 
124 0.7194578119029905 0.7085480510623042 0.7085480510623042 0.1248212270782555
+0 +0.5085521741724565 -0.5085521741724565 +0 
125* 0 0.2772105547493717 -0.5206074254631936 0
+0.5 +0 +0 -0.5 
126 0.9949802258516597 0.9405176916828043 0.4397065648183354 0.9405176916828043
+0 -1.008858124558948 +0 +1.008858124558948 
127* 0 0 0.2474896028890519 0.06557876918161118
-0.5 +0.5 +0 +0 
128* 0 0.09027070273799948 -0.2566019293875435 0
+0.5 +0 +0 -0.5 
129 1.106745565453305 -0.05776531673610173 1.055524165010243 1.055524165010243
+0 +0 -1.016102040707781 +1.016102040707781 
130 1.157638851324542 1.10505228892551 1.10505228892551 -0.3887336948421947
+0 -1.020266788134545 +1.020266788134545 +0 
131 1.047876904088632 0.996611792445941 0.2323567314910385 0.996611792445941
+0 -1.012063655797639 +0 +1.012063655797639 
132 0.592228019042919 0.1294393803450816 -1.119815363321774 -1.119815363321774
+0 +0 -0.5475296622730724 +0.5475296622730724 
133 0.5450496179697489 0.09775984923611938 -1.061858359991522 -0.2199605830492666
+0 +0 +0 +0 
134 0.5563494504265246 0.1050963440661347 -1.017996221028974 -0.4359056912276391
+0 +0 +0 +0 
135 0.5475517367355788 0.06452552061037935 -1.138544601143158 0.06452552061037935
+0 +0.500000000000017 +0 -0.500000000000017 
136 0.6641750145094819 0.6621506975137405 -1.299609203496183 0.6621506975137405
+0 +1.001327352338588 +0 -1.001327352338588 
137* 0 -0.001986972595396298 -1.17844025784981 0
+0.5 +1.502519524902957 -0.1319273475190123 -0.5 
138* 0 -0.002688327111887154 -0.5816561347341195 0
-0.5 +1.504048603578228 -0.067276752651034 +0.5 
139 0.5255222567197083 0.08414321422193875 -0.5007406181228679 -0.2431733992948873
+0 +0 +0 +0 
140* 0 0 -0.1458115941686058 -0.001439063921142544
+0.5 -0.5 +0.03840590119708074 -1.506733736209693 
141 0.5293980401810168 -0.2690615603710401 -0.05853723610419155 -0.05853723610419155
+0 +0 -0.5000000000000092 +0.5000000000000092 
142 0.5939692154358794 -0.278275270096729 -0.278275270096729 -1.041668184289544
+0 +0.4999995612718861 -0.4999995612718861 +0 
143 0.5839682640277972 -0.420854134346614 -0.4441077820148576 -0.420854134346614
+0 +0.499944029443989 +0 -0.499944029443989 
144 0.5687980030748463 -0.5541348026368613 -0.04142091501778945 -0.5541348026368613
+0 +0.4994308655565768 +0 -0.4994308655565768 
145 0.5073335940314319 -0.2051587902488169 0.2457784729367513 -0.2051587902488169
+0 -0.5000000192686434 +0 +0.5000000192686434 
146 0.5442797955256488 -0.6085679598000137 0.2751708624750971 -0.6085679598000137
+0 -0.4989879001725179 +0 +0.4989879001725179 
147 0.5412976944389827 -0.4444779662182298 0.2726285017503636 -1.036015821980062
+0 +0 +0 +0 
148 0.617662758547444 -0.2986832494941436 0.617662758547444 -0.2986832494941436
+0.4989281482865651 -0.5000007252982438 -0.4989281482865651 +0.5000007252982438 
149 0.6862211225990973 -0.6862211225990973 0.6862211225990973 -0.6862211225990973
+0.4980731856235198 -0.4980731856235198 -0.4980731856235198 +0.4980731856235198 
150 0.6773409566902051 -0.474665730223855 0.6773409566902051 -1.096778179824692
+0.498142218321932 +0 -0.498142218321932 +0 
151 0.6236219867740134 -1.021962000570708 -0.3441430357170732 -1.021962000570708
+0 +0.5399706322249342 +0 -0.5399706322249342 
152 0.4906296434536102 0.0284101903283983 -0.1280282304327851 0.4906296434536102
+0.4997488635033444 +0 +0 -0.4997488635033444 
153 0.467017635093445 0.04854409736960701 -0.1085529619217506 0.2190397793007063
+0 +0 +0 +0 
154 0.6378229443758243 -0.6000852593881798 -0.6019042205091109 -0.6000852593881798
+0 -1.000394697499136 +0 +1.000394697499136 
155 0.5565391636729474 -0.2133336274256432 -1.042145398632155 -0.0489158329130272
+0 +0 +0 +0 
156 0.6530857807997497 -0.2515060343038966 -1.141776866216803 0.6530857807997497
+0.498465702878979 +0 +0 -0.498465702878979 
157 0.5302324735769768 -0.2268183258810825 -1.080571616469936 0.2646143064401716
+0 +0 +0 +0 
158 0.613859965412922 -1.068003626163969 -1.068003626163969 -0.1608793379651274
+0 +0.5436254890987394 -0.5436254890987394 +0 
159 0.6326982226483213 -0.8611861402142171 -0.8611861402142171 -0.7168252315446286
+0 +0.5218960733124459 -0.5218960733124459 +0 
160 0.5369502527508916 -0.2359712365014119 -0.4900139891214954 -0.06453124717540046
+0 +0 +0 +0 
161 0.5110642750902191 -0.2504646331495134 -0.5110642750902191 0.2504646331495134
+0 +0 +0 +0 
162 0.6085679598000137 -0.2751708624750971 -0.5442797955256488 0.6085679598000137
+0.4989879001725179 +0 +0 -0.4989879001725179 
163 0.3887336948421947 -1.10505228892551 -1.10505228892551 -1.157638851324542
+0 +1.020266788134545 -1.020266788134545 +0 
164 0.5541348026368613 0.04142091501778945 -0.5687980030748463 0.5541348026368613
+0.4994308655565768 +0 +0 -0.4994308655565768 
165 0.4900139891214954 0.06453124717540046 -0.5369502527508916 0.2359712365014119
+0 +0 +0 +0 
166* 0.3200758846518812 0.002448240497965477 0 0
-0.04663627626581737 +1.505597441525777 -0.5 +0.5 
167 0.5865971954070572 -0.1195982867027871 -0.1195982867027871 -0.1195713755352026
+0 +1.000036818470478 -1.000036818470478 +0 
168* 0 0.1006246036797509 -0.5080612751987642 0
+0.5 +0 +0 -0.5 
169 0.5783690145754942 -0.9754012295179597 -0.4172751264182456 -0.1964513959390958
+0 +0 +0 +0 
170 0.4374834016868102 0.2306080068830212 0.1902252127796723 0.2306080068830212
+0 +0.4999998612467742 +0 -0.4999998612467742 
171* 0 0.002688327111887154 0.5816561347341195 0
+0.5 +1.504048603578228 -0.067276752651034 -0.5 
172 0.4774866889932785 0.05553300915081687 0.2266084904474983 -0.281725021990447
+0 +0 +0 +0 
173 0.5093867162779074 0.07865495189312305 0.2504276308746226 -1.127090977955592
+0 +0 +0 +0 
174 0.5352451987568543 0.03289524993273283 0.5352451987568543 0.03289524993273283
+0.4994978005675919 +0.5 -0.4994978005675919 -0.5 
175 0.5199961669541348 0.3685135743932475 0.3686287164414625 0.3685135743932475
+0 +1.001431499449795 +0 -1.001431499449795 
176 0.6019042205091109 0.6000852593881798 -0.6378229443758243 0.6000852593881798
+0 +1.000394697499136 +0 -1.000394697499136 
177 0.5182519640698933 0.07378103333667394 -0.1659257330628436 -0.1659257330628436
+0 +0 -0.5000000019720053 +0.5000000019720053 
178 0.5584361264123927 0.1065938672372935 -0.5832387708561515 -0.5832387708561515
+0 +0 -0.499212498408256 +0.499212498408256 
179 0.4733923285862265 0.4721117872337872 0.1108399871457639 0.4721117872337872
+0 +0.9989720947741139 +0 -0.9989720947741139 
180 0.4330816794600316 0.4317469954724488 0.4317469954724488 0.2766445997661263
+0 +0.997851189977557 -0.997851189977557 +0 
181** 0 0 0 0
-0.5 +0.5 -1.502976465754898 +1.502976465754898 
182 0.2969906749222176 0.4365775424709185 0.2969906749222176 0.02037453980033136
+0.4999978033773264 +0 -0.4999978033773264 +0 
183 0.3809589020151245 0.4397540032631342 0.3809589020151245 -0.3146662188817122
+0.4999761485763449 +0 -0.4999761485763449 +0 
184 0.476761771706054 0.4517341152369161 0.476761771706054 -1.211388106858014
+0.4998447478722291 +0 -0.4998447478722291 +0 
185 0.420854134346614 0.4441077820148576 0.420854134346614 -0.5839682640277972
+0.499944029443989 +0 -0.499944029443989 +0 
186 0.3428001310339022 0.4373141933630437 0.3428001310339022 -0.1348562944593795
+0.4999909084462236 +0 -0.4999909084462236 +0 
187 0.5634407482393066 -0.3581424984714038 0.5617933697451297 0.5617933697451297
+0 +0 -0.9999498876340914 +0.9999498876340914 
188 0.5210333005221869 -0.3047326878045065 0.5210333005221869 0.03384768468056993
+0.4996195212553426 +0 -0.4996195212553426 +0 
189 1.099754504856644 -1.144323344693535 0.2336915248436798 -0.08102022242684595
+0 +0 +0 +0 
190 0.5627387147483193 -1.199418462642952 0.2127527064886668 0.5627387147483193
+0.4993806685722408 +0 +0 -0.4993806685722408 
191 0.98977997892655 -0.3459497488834931 0.98977997892655 0.3356979665976583
+0.5368639956463864 +0 -0.5368639956463864 +0 
192 0.6297955742724428 -1.166931539668739 0.6297955742724428 -0.09099583855398741
+0.4987413804774085 +0 -0.4987413804774085 +0 
193* 0 -1.17844025784981 0 -0.001986972595396298
+0.5 +0.1319273475190123 -0.5 -1.502519524902957 
194 0.5772775967442029 -0.2025589254254478 -0.5112346581045929 -0.5112346581045929
+0 +0 -0.4996802925520119 +0.4996802925520119 
195 0.963410370526623 0.3290024231546687 -0.1659080786058338 0.963410370526623
+0.5344529292163959 +0 +0 -0.5344529292163959 
196* 0 0.001439063921142543 0.1458115941686058 0
-0.5 +1.506733736209693 -0.03840590119708074 +0.5 
197 0.5832387708561515 -0.5584361264123927 -0.1065938672372935 0.5832387708561515
+0.499212498408256 +0 +0 -0.499212498408256 
198* 0 0 0.3200758846518812 0.002448240497965477
+0.5 -0.5 +0.04663627626581737 -1.505597441525777 
199 1.184064658587257 -1.035975791677396 -0.0550599885540382 -0.4437100426961449
+0 +0 +0 +0 
200 0.4882111526176078 -0.2737304866683119 -0.09434337662665651 0.2338744293891855
+0 +0 +0 +0 
201 0.5519166528128471 -0.2977997295469398 -0.116100926301534 0.5519166528128471
+0.4994406060950657 +0 +0 -0.4994406060950657 
202 0.6038425381278988 -1.096676654678601 -0.0141670067472012 -1.096676654678601
+0 -0.5457785700975505 +0 +0.5457785700975505 
203* 1.17844025784981 0.001986972595396299 0 0
+0.1319273475190123 -1.502519524902957 +0.5 -0.5 
204 0.5044759804143532 -0.03137054710081846 0.5030931015533466 0.5030931015533466
+0 +0 -0.9993504341515345 +0.9993504341515345 
205* 0 0 0 0
+0.5 -1.500076039016975 -0.5 -2.609527643360934 
206 0.6026845150855614 0.05353114457722437 0.6026845150855614 -1.184808635254387
+0.4990268749648493 +0 -0.4990268749648493 +0 
207 0.752776731782297 -1.223227589829535 -1.223227589829535 0.752776731782297
+0.4967803605258943 +0.5558924627278129 -0.5558924627278129 -0.4967803605258943 
208 0.5765731114886111 -1.142363982065143 -1.142363982065143 0.2984648318348278
+0 +0.5493015804307557 -0.5493015804307557 +0 
209 0.4753811002741268 -0.3104648033369075 0.1962553518025456 0.4753811002741268
+0.4998097798825905 +0 +0 -0.4998097798825905 
210 0.4019728528405152 0.02104517884977881 0.4019728528405152 0.1889057157544982
+0.4999502604102982 +0 -0.4999502604102982 +0 
211 0.5112346581045929 0.2025589254254478 -0.5772775967442029 0.5112346581045929
+0.4996802925520119 +0 +0 -0.4996802925520119 
212 0.9370084683865054 0.3229366108158999 0.9370084683865054 -0.01793652701542974
+0.5320955305576359 +0 -0.5320955305576359 +0 
213 1.073920767284073 0.3567390465819748 1.073920767284073 -1.282680887566222
+0.5455918528530487 +0 -0.5455918528530487 +0 
214 1.021962000570708 0.3441430357170732 1.021962000570708 -0.6236219867740134
+0.5399706322249342 +0 -0.5399706322249342 +0 
215 0.9046824393264892 0.316789341426921 0.9046824393264892 0.1291040452010363
+0.5291969000961934 +0 -0.5291969000961934 +0 
216* 0 0 0 0
-0.5 +1.507148087116211 -0.03611364689384902 +0.5 
217* 0 -0.5816561347341195 0 -0.002688327111887154
+0.5 +0.067276752651034 -0.5 -1.504048603578228 
218 0.4418238680546321 -0.1322995731660723 0.4418238680546321 0.1918880151562946
+0.4998910007042144 +0 -0.4998910007042144 +0 
219* 0 0 0 0
+0.5 +0.03611364689384902 -0.5 -1.507148087116211 
220 1.061858359991522 -0.09775984923611938 -0.5450496179697489 0.2199605830492666
+0 +0 +0 +0 
221 0.5248034331465612 -0.1168921774025623 -0.1168921774025623 -0.08563986202752459
+0 -0.5000000000360297 +0.5000000000360297 +0 
222* 0 -0.3200758846518812 0 -0.002448240497965477
+0.5 +0.04663627626581737 -0.5 -1.505597441525777 
223 0.1778017363352231 -0.5330073472673621 -0.5315009677745478 -0.5315009677745478
+0 +0 -0.9996387074542886 +0.9996387074542886 
224 -1.029832317014975 -0.07983613309612236 -1.029832317014975 -1.080793430808222
+1.014235382470007 +0 -1.014235382470007 +0 
225 0.1360124432955384 -0.1805867209008822 -0.3978925220301956 -0.9343368384563698
+0 +0 +0 +0 
226 0.1322995731660723 -0.1918880151562946 -0.4418238680546321 -0.4418238680546321
+0 +0 -0.4998910007042144 +0.4998910007042144 
227 0.1222124997462813 -0.1972068779549457 -0.03313610257555374 -0.9992907814110427
+0 +0 +0 +0 
228 0.1085529619217506 -0.2190397793007063 -0.04854409736960701 -0.467017635093445
+0 +0 +0 +0 
229 0.1280282304327851 -0.4906296434536102 -0.0284101903283983 -0.4906296434536102
+0 +0.4997488635033444 +0 -0.4997488635033444 
230* 0.1166421408558963 -1.075046936567555 0 0
+0 +0 +0.5 -0.5 
231 0.2235685127642222 -1.100781870785363 -0.06166624971550082 0.2235685127642222
+0.5000000436307663 +0 +0 -0.5000000436307663 
232 0.2224860330020614 -0.2224860330020614 0.2224860330020614 -0.2224860330020614
+0.5000000506904975 -0.5000000506904975 -0.5000000506904975 +0.5000000506904975 
233 0.2986832494941436 -0.617662758547444 0.2986832494941436 -0.617662758547444
+0.5000007252982438 -0.4989281482865651 -0.5000007252982438 +0.4989281482865651 
234 0.287768622437898 -0.4465539010352718 0.287768622437898 -1.038272366809306
+0.5000005313805063 +0 -0.5000005313805063 +0 
235 0.1296724445739804 -0.02539719560259699 -0.9577990835437518 -0.4077488334999926
+0 +0 +0 +0 
236 1.296221703921813 -1.296221703921813 1.296221703921813 -1.296221703921813
+0.563529463947111 +0.563529463947111 -0.563529463947111 -0.563529463947111 
237 1.153319403450627 -0.3669069871461182 1.153319403450627 -0.3669069871461182
+0.5491918622552889 +0.5000045427182085 -0.5491918622552889 -0.5000045427182085 
238 1.077000058493796 -0.05581836890009091 1.077000058493796 -0.05581836890009091
+0.542597140782681 +0.4999999999999982 -0.542597140782681 -0.4999999999999982 
239 0.9857750417015538 -0.01220742023814314 0.9857750417015538 0.1407281567118536
+0.5363471618521709 +0 -0.5363471618521709 +0 
240 0.1659080786058338 -0.963410370526623 -0.3290024231546687 -0.963410370526623
+0 +0.5344529292163959 +0 -0.5344529292163959 
241 0.1394739445590056 -0.2085154372424827 -0.2085154372424827 -1.016494668107988
+0 +0.4999999762810203 -0.4999999762810203 +0 
242 -1.110858834674418 -1.170113816723701 -1.170113816723701 -1.110858834674418
+1.463300819730664 +0.5041184311069088 -0.5041184311069088 -1.463300819730664 
243 0.06132684450956701 0.08244177274885198 -0.2644265515068218 0.06132684450956701
+0.5000000000000213 +0 +0 -0.5000000000000213 
244 1.066154249002773 0.005401743083557306 -0.3316727734762698 1.066154249002773
+0.543022825577441 +0 +0 -0.543022825577441 
245 0.1348562944593795 -0.3428001310339022 -0.4373141933630437 -0.3428001310339022
+0 +0.4999909084462236 +0 -0.4999909084462236 
246 0.1714036879751409 -0.7141549160257162 -0.7882890127511329 -0.7882890127511329
+0 +0 +0.5148807356608802 -0.5148807356608802 
247 0.2570562926063957 -1.079030329296616 -0.2255294057020846 0.2570562926063957
+0.5000001810474223 +0 +0 -0.5000001810474223 
248 1.189868073341181 -1.204288059414087 -0.2727373690229612 1.189868073341181
+0.5540188017367729 +0 +0 -0.5540188017367729 
249 0.2051587902488169 -0.2457784729367513 -0.5073335940314319 0.2051587902488169
+0.5000000192686434 +0 +0 -0.5000000192686434 
250 1.142363982065143 -0.2984648318348278 -0.5765731114886111 1.142363982065143
+0.5493015804307557 +0 +0 -0.5493015804307557 
251 1.146611458639379 0.02767492464546447 1.146611458639379 -1.250302573173913
+0.550882108644824 +0 -0.550882108644824 +0 
252 1.096676654678601 0.0141670067472012 1.096676654678601 -0.6038425381278988
+0.5457785700975505 +0 -0.5457785700975505 +0 
253 1.041199288486304 -0.001174846235111652 1.041199288486304 -0.1540424927606189
+0.5409056957557337 +0 -0.5409056957557337 +0 
254 1.170113816723701 1.110858834674418 1.170113816723701 1.110858834674418
+0.5041184311069088 +1.463300819730664 -0.5041184311069088 -1.463300819730664 
255 0.1168921774025623 0.08563986202752459 -0.5248034331465612 0.1168921774025623
+0.5000000000360297 +0 +0 -0.5000000000360297 
256 0.1459681396179009 -0.03304081014166846 -0.03304081014166846 -0.03314664946483908
+0 +1.000075092297255 -1.000075092297255 +0 
257 0.1807137554671831 -1.114701645612064 0.1807137554671831 0.09355235179702638
+0.5000000042270361 +0 -0.5000000042270361 +0 
258 0.3669069871461182 -1.153319403450627 0.3669069871461182 -1.153319403450627
+0.5000045427182085 -0.5491918622552889 -0.5000045427182085 +0.5491918622552889 
259 0.1174454352592306 -0.2618551751626589 0.1174454352592306 -0.07970153304230637
+0.5000000000440222 +0 -0.5000000000440222 +0 
260 0.07089351866078311 -0.3211009685640673 0.07089351866078311 0.07090992408001401
+1.000063234721867 +0 -1.000063234721867 +0 
261 0.1964744862305051 -1.204601800886775 0.1964744862305051 0.1964357553864295
+0.9999836393654412 +0 -0.9999836393654412 +0 
262 0.1659257330628436 -0.07378103333667394 -0.5182519640698933 0.1659257330628436
+0.5000000019720053 +0 +0 -0.5000000019720053 
263 0.1195982867027871 0.1195982867027871 -0.5865971954070572 0.1195713755352026
+1.000036818470478 -1.000036818470478 +0 +0 
264 0.9699018716514924 0.2641797618788486 0.2641797618788486 0.9699018716514924
+0.5348302404110451 +0.5000002243041413 -0.5000002243041413 -0.5348302404110451 
265 0.1540424927606189 -1.041199288486304 -1.041199288486304 0.001174846235111652
+0 +0.5409056957557337 -0.5409056957557337 +0 
266 1.036788526318328 -0.3388129486714277 0.1526877904246169 1.036788526318328
+0.5407371983366964 +0 +0 -0.5407371983366964 
267 0.03304081014166846 0.03314664946483908 0.03304081014166846 -0.1459681396179009
+1.000075092297255 +0 -1.000075092297255 +0 
268 0.5430584220094857 0.5457966235030919 0.5457966235030919 0.5430584220094857
+0.4999981241817114 +1.491557923422934 -1.491557923422934 -0.4999981241817114 
269 0.07970153304230637 -0.1174454352592306 0.2618551751626589 -0.1174454352592306
+0 -0.5000000000440222 +0 +0.5000000000440222 
270 0.116100926301534 -0.5519166528128471 0.2977997295469398 -0.5519166528128471
+0 -0.4994406060950657 +0 +0.4994406060950657 
271 0.1155378993011467 -0.4252052531604314 0.2968549386792675 -0.9954862676993102
+0 +0 +0 +0 
272 0.108093774193255 -1.038610125734371 -0.2110665634921263 0.288449098044521
+0 +0 +0 +0 
273 -0.05792385501956414 -0.4056097750789017 -0.05792385501956414 -0.9660529059231543
+0.499999999999994 +0 -0.499999999999994 +0 
274 -0.2608497858251016 -0.2608497858251016 -0.2609539861445315 -1.078379653331825
+1.000018346028821 -1.000018346028821 +0 +0 
275 -0.9405176916828043 -0.9949802258516597 -0.4397065648183354 -0.9405176916828043
+1.008858124558948 +0 +0 -1.008858124558948 
276 0.2040668728583341 -1.131032608475201 -1.079280223719385 -1.079280223719385
+0 +0 -1.017998591055295 +1.017998591055295 
277 -0.5457966235030919 -0.5430584220094857 -0.5457966235030919 -0.5430584220094857
+1.491557923422934 -0.4999981241817114 -1.491557923422934 +0.4999981241817114 
278 -0.8056497804048131 -0.9590402188921726 -0.7472435024700159 -0.8056497804048131
+1.036282313052593 +0 +0 -1.036282313052593 
279 -0.996611792445941 -1.047876904088632 -0.996611792445941 -0.2323567314910385
+1.012063655797639 +0 -1.012063655797639 +0 
280 -1.055524165010243 -1.106745565453305 -1.055524165010243 0.05776531673610173
+1.016102040707781 +0 -1.016102040707781 +0 
281 -1.138466493181434 -1.192476311834071 -1.138466493181434 0.681110670148095
+1.023578920970519 +0 -1.023578920970519 +0 
282 0.1598902439782604 -0.1463399420693965 -1.011273460874134 -1.011273460874134
+0 +0 -0.5385111952814304 +0.5385111952814304 
283 -0.3685135743932475 -0.3686287164414625 -0.3685135743932475 -0.5199961669541348
+1.001431499449795 +0 -1.001431499449795 +0 
284 0.09434337662665651 -0.4882111526176078 -0.2338744293891855 0.2737304866683119
+0 +0 +0 +0 
285 0.1017218783115823 -1.06464475024125 -0.05244551273520304 0.2809513402788445
+0 +0 +0 +0 
286 0.08764656849699475 -0.5021818308670529 0.2659959490080269 -0.06876194048350437
+0 +0 +0 +0 
287 0.05853723610419155 -0.5293980401810168 0.2690615603710401 0.05853723610419155
+0.5000000000000092 +0 +0 -0.5000000000000092 
288 0.07874918499591192 -0.2563616380813982 -0.07874918499591192 0.2563616380813982
+0 +0 +0 +0 
289 0.1248277201012013 -1.125207771557061 0.2763125394499443 0.1248277201012013
+0.5000000000545957 +0 +0 -0.5000000000545957 
290* 0.2944167781284188 -1.097042002971943 0 0
+0 +0 +0.5 -0.5 
291 -0.1291040452010363 -0.9046824393264892 -0.316789341426921 -0.9046824393264892
+0 +0.5291969000961934 +0 -0.5291969000961934 
292 0.05581836890009091 -1.077000058493796 0.05581836890009091 -1.077000058493796
+0.4999999999999982 -0.542597140782681 -0.4999999999999982 +0.542597140782681 
293 -0.1152980106258507 -0.9950849629748869 -0.1152980106258507 -0.1829848258142175
+0.499999999973926 +0 -0.499999999973926 +0 
294 -0.2306080068830212 -0.1902252127796723 -0.2306080068830212 -0.4374834016868102
+0.4999998612467742 +0 -0.4999998612467742 +0 
295 -0.03289524993273283 -0.5352451987568543 -0.03289524993273283 -0.5352451987568543
+0.5 +0.4994978005675919 -0.5 -0.4994978005675919 
296 -0.07089351866078311 -0.07089351866078311 0.3211009685640673 -0.07090992408001401
+1.000063234721867 -1.000063234721867 +0 +0 
297 -0.5617933697451297 -0.5617933697451297 0.3581424984714038 -0.5634407482393066
+0.9999498876340914 -0.9999498876340914 +0 +0 
298 -0.5030931015533466 -0.5030931015533466 0.03137054710081846 -0.5044759804143532
+0.9993504341515345 -0.9993504341515345 +0 +0 
299 -0.1248212270782555 -0.7085480510623042 -0.7085480510623042 -0.7194578119029905
+0 +0.5085521741724565 -0.5085521741724565 +0 
300 -0.4317469954724488 -0.4317469954724488 -0.2766445997661263 -0.4330816794600316
+0.997851189977557 -0.997851189977557 +0 +0 
301 -0.9370084683865054 -0.9370084683865054 -0.3229366108158999 0.01793652701542974
+0.5320955305576359 -0.5320955305576359 +0 +0 
302 -0.98977997892655 -0.98977997892655 -0.3356979665976583 0.3459497488834931
+0.5368639956463864 -0.5368639956463864 +0 +0 
303 0 -0.004745172056794715 0.004745172056794715 0
+1.000485782507791 +0 +0 -1.000485782507791 
304 -0.1108399871457639 -0.4733923285862265 -0.4721117872337872 -0.4721117872337872
+0 +0 -0.9989720947741139 +0.9989720947741139 
305 0.1400911462477245 -1.090063907370469 0.323693451718383 -1.090063907370469
+0 -0.5448940403480487 +0 +0.5448940403480487 
306 -0.1741412123012475 -0.9157444898681719 -0.01321730864299901 -0.3894936923684273
+0 +0 +0 +0 
307 -0.9699018716514924 -0.2641797618788486 -0.9699018716514924 -0.2641797618788486
+0.5348302404110451 +0.5000002243041413 -0.5348302404110451 -0.5000002243041413 
308 -0.9857750417015538 -0.1407281567118536 -0.9857750417015538 0.01220742023814314
+0.5363471618521709 +0 -0.5363471618521709 +0 
309 -1.036788526318328 -0.1526877904246169 -1.036788526318328 0.3388129486714277
+0.5407371983366964 +0 -0.5407371983366964 +0 
310 -0.1889057157544982 -0.4019728528405152 -0.02104517884977881 -0.4019728528405152
+0 -0.4999502604102982 +0 +0.4999502604102982 
311 -0.1962553518025456 -0.4753811002741268 0.3104648033369075 -0.4753811002741268
+0 -0.4998097798825905 +0 +0.4998097798825905 
312 -0.1875932286290853 -0.4066095443982928 0.3123938344581401 -0.952866954429992
+0 +0 +0 +0 
313 -0.1674341341362061 -0.1674341341362061 -0.01653413427541806 -1.007283971638435
+0.4999999979122183 -0.4999999979122183 +0 +0 
314 -0.06132684450956701 -0.06132684450956701 -0.08244177274885198 0.2644265515068218
+0.5000000000000213 -0.5000000000000213 +0 +0 
315 -1.066154249002773 -0.005401743083557306 -1.066154249002773 0.3316727734762698
+0.543022825577441 +0 -0.543022825577441 +0 
316 -0.2431851060385962 -1.02699951962164 -0.2431851060385962 0.3211022929715338
+0.499999882729123 +0 -0.499999882729123 +0 
317 -0.7535873719335956 -0.7150852238364281 -0.7535873719335956 0.02289371909115614
+0.5119580377157499 +0 -0.5119580377157499 +0 
318 -0.8216644529318894 -0.71484407933836 -0.8216644529318894 0.3525722736274914
+0.5179323468121961 +0 -0.5179323468121961 +0 
319 -0.5210333005221869 -0.5210333005221869 -0.03384768468056993 0.3047326878045065
+0.4996195212553426 -0.4996195212553426 +0 +0 
320 -0.2043671309414705 -1.018730815243229 -0.03999137371600873 0.2964339142995308
+0 +0 +0 +0 
321 -0.3809589020151245 -0.3809589020151245 -0.4397540032631342 0.3146662188817122
+0.4999761485763449 -0.4999761485763449 +0 +0 
322 -0.2266084904474983 -0.4774866889932785 0.281725021990447 -0.05553300915081687
+0 +0 +0 +0 
323 -0.2969906749222176 -0.02037453980033136 -0.2969906749222176 -0.4365775424709185
+0.4999978033773264 +0 -0.4999978033773264 +0 
324 -0.6261245967303621 -0.6261245967303621 -0.3111830047955781 -0.7358407067445393
+0.5037607996231185 -0.5037607996231185 +0 +0 
325 -0.9765133938142905 -0.4165665466287065 -0.03222080150722551 0.3048698222864835
+0 +0 +0 +0 