1 -0.1103957231421933 1.581049084356413
+0 +0 
2 0.4454128090441888 -0.7610460591792271
+0 +0 
3 1.651087857621813 1.651087857621813
+0.6194166155140178 -0.6194166155140178 
4 -0.8049726473325096 1.651283971150452
+0 +0 
5 -0.7780151864877208 0.7780151864877208
+0 +0 
6 1.702843619444625 -1.702843619444625
+0 +0 
7 1.621801518217079 -0.4640681811350931
+0 +0 
8 1.018460350507751 1.018460350507751
-0.4808314309104383 +0.4808314309104383 
9 -0.5769448169580609 -1.444999762979774
+0 +0 
10 -1.018460350507751 -1.018460350507751
+0.4808314309104383 -0.4808314309104383 
11 0.5769448169580609 1.444999762979774
+0 +0 
12 -0.3292183326972636 -1.506357635280347
+0 +0 
13 1.600080922732674 -0.2619139364642252
+0 +0 
14 -1.651283971150452 0.8049726473325096
+0 +0 
15 1.506357635280347 0.3292183326972636
+0 +0 
16 -1.651087857621813 -1.651087857621813
+0.6194166155140178 -0.6194166155140178 
17 0.6881909602355868 0.3632712640026805
+0 +0 
18 0.4640681811350931 -1.621801518217079
+0 +0 
19 -0.1624598481164532 -1.538841768587627
+0 +0 
20 0.4153665837561704 -0.08562408262485188
+0 +0 
21 -0.5769305703098222 -0.5769305703098222
+0.5002420785120775 -0.5002420785120775 
22 0.5769305703098222 0.5769305703098222
-0.5002420785120775 +0.5002420785120775 
23 -0.4454128090441888 0.7610460591792271
+0 +0 
24 0.4238121234847884 -0.2361932593092894
+0 +0 
25 0.4332524662715315 -0.4332524662715315
+0 +0 
26 0.2464258830723024 -0.7479203249834772
+0 +0 
27 -0.3632712640026805 -0.6881909602355868
+0 +0 
28 -0.197568325447185 -0.3968525089122948
+0 +0 
29 0.09548959777704773 -0.7360621562567806
+0 +0 
30 0.2619139364642252 -1.600080922732674
+0 +0 
31 0.2214670898554593 -0.07821020495638802
+0 +0 
32 0.1103957231421933 -1.581049084356413
+0 +0 
33 -0.02404403589757236 -1.561706405751878
+0 +0 
34 -0.0514024493144413 -0.4067787069528799
+0 +0 
35 1.561706405751878 0.02404403589757236
+0 +0 
36 -0.4238121234847884 0.2361932593092894
+0 +0 
37 0.08562408262485188 -0.4153665837561704
+0 +0 
38 -0.2679495296471813 -0.2679495296471813
+0.4999999096431075 -0.4999999096431075 
39 1.538841768587627 0.1624598481164532
+0 +0 
40 -0.7090278224426931 -0.1838764401522796
+0 +0 
41 0.0514024493144413 0.4067787069528799
+0 +0 
42 -0.04056536687024039 -0.7237559965997631
+0 +0 
43 -0.2283423489517776 0.2283423489517776
+0 +0 
44 -0.2464258830723024 0.7479203249834772
+0 +0 
45 0.7090278224426931 0.1838764401522796
+0 +0 
46 0.04056536687024039 0.7237559965997631
+0 +0 
47 0.197568325447185 0.3968525089122948
+0 +0 
48 0.2679495296471813 0.2679495296471813
-0.4999999096431075 +0.4999999096431075 
49 -0.07188914699748666 0.07188914699748666
+0 +0 
50 0.07821020495638802 -0.2214670898554593
+0 +0 
51 -0.21467167951994 -0.05930327105788041
+0 +0 
52 0.7360621562567806 -0.09548959777704773
+0 +0 
53 0.21467167951994 0.05930327105788041
+0 +0 
54** 0 0
+0.5 -0.5 