1 -0.8660254037844386 -0.2886751345948129
+0 +0 
2 0.9511361038801447 0.9511361038801447
-0.5444962954656747 +0.5444962954656747 
3 0.1304389473457986 -0.3784395939632162
+0 +0 
4 1.038260698286168 -1.038260698286168
+0 +0 
5 -0.9147990982781142 -0.05396076839542983
+0 +0 
6 -0.1304389473457986 0.3784395939632162
+0 +0 
7 -0.9511361038801447 -0.9511361038801447
-0.5444962954656747 +0.5444962954656747 
8 0.9147990982781142 0.05396076839542983
+0 +0 
9 -0.3591010810590968 -0.08200369086208312
+0 +0 
10 -0.4153443396079228 -0.4153443396079228
+0.4995301172863922 -0.4995301172863922 
11 0.114121737195075 -0.114121737195075
+0 +0 
12 0.2886751345948129 0.8660254037844386
+0 +0 
13 0.4284059982775817 -0.9851432057845292
+0 +0 
14 0.4153443396079228 0.4153443396079228
-0.4995301172863922 +0.4995301172863922 
15 -0.9495711723899415 0.1550704032174989
+0 +0 
16 -0.1550704032174989 0.9495711723899415
+0 +0 
17 0.3591010810590968 0.08200369086208312
+0 +0 
18 0.9851432057845292 -0.4284059982775817
+0 +0 
19 -0.398736694441202 0.398736694441202
+0 +0 
20** 0 0
+0.5 -0.5 