1 -0.06593538143531944 -0.3265295880912093 -0.3265295880912093
+0 +0.5007479236556575 -0.5007479236556575 
2 0.5201362025251684 -0.6819739628087757 0.5201362025251684
+0.5064224381527588 +0 -0.5064224381527588 
3* 0 -0.1424690678305666 0
+0.5 +0 -0.5 
4 -0.1308650235068601 -0.5787394550456076 0.6171097449447063
+0 +0 +0 
5* 0 0 -0.5638252623934961
+0.5 -0.5 +0 
6 0.3606887941196386 0.3573006079195303 0.3606887941196386
+0.9911987284504207 +0 -0.9911987284504207 
7* 0 0.5638252623934961 0
+0.5 +0 -0.5 
8* 0 0 0
+1.556126503577051 +0.5 -0.5 
9* 0 0 0.1424690678305666
+0.5 -0.5 +0 
10 0.3265295880912093 0.06593538143531944 0.3265295880912093
+0.5007479236556575 +0 -0.5007479236556575 
11 0.4327003993372386 0.4327003993372386 -0.2199035743065745
+0.5030656947652822 -0.5030656947652822 +0 
12 0.07472092553645092 0.07472092553645092 0.5391065374166263
+0.5000000293472212 -0.5000000293472212 +0 
13* 0 0 0
+0.5 -0.5 -1.556126503577051 
14 -0.1847397626330308 0.5366327275602706 0.1046902613286406
+0 +0 +0 
15 0.5787394550456076 0.1308650235068601 -0.6171097449447063
+0 +0 +0 
16 -0.5201362025251684 0.6819739628087757 -0.5201362025251684
+0.5064224381527588 +0 -0.5064224381527588 
17 -0.07472092553645092 -0.07472092553645092 -0.5391065374166263
+0.5000000293472212 -0.5000000293472212 +0 
18 -0.4327003993372386 0.2199035743065745 -0.4327003993372386
+0.5030656947652822 +0 -0.5030656947652822 
19 -0.1046902613286406 0.1847397626330308 -0.5366327275602706
+0 +0 +0 
20 -0.3606887941196386 -0.3606887941196386 -0.3573006079195303
+0.9911987284504207 -0.9911987284504207 +0 