1 0.2657616334668034 -0.01988452077048326
+0 +0 
2 0.7606467177018994 0.7606467177018994
+0.5272685146652869 -0.5272685146652869 
3 -0.7715245755089534 0.04924982172660167
+0 +0 
4 -0.7606467177018994 -0.7606467177018994
-0.5272685146652869 +0.5272685146652869 
5 -0.7243685433649336 -0.199565585125172
+0 +0 
6 0.2886751345948129 -0.2886751345948129
+0 +0 
7 -0.2283621958659294 -0.2283621958659294
+0.4999728877680215 -0.4999728877680215 
8 -0.2657616334668034 0.01988452077048326
+0 +0 
9 0.2283621958659294 0.2283621958659294
+0.4999728877680215 -0.4999728877680215 
10 -0.04924982172660167 0.7715245755089534
+0 +0 
11 0.199565585125172 0.7243685433649336
+0 +0 
12 -0.8660254037844386 0.8660254037844386
+0 +0 
13 0.3203626879075422 -0.811563731377998
+0 +0 
14* 0 0
-0.5 +0.5 
15 0.811563731377998 -0.3203626879075422
+0 +0 