1* 0 0.3796112619898928 -0.02623214351415698 0.1490903885211121 0
-0.5 +0 +0 +0 +0.5 
2 1.47329847519137e-009 0.81633123703776 -0.04127178917501965 0.1298976416094711 1.47329847519137e-009
-0.499999999416861 -1.24704255142845e-010 +0 +0 +0.500000000583139 
3* 0.7822795788950802 0.3316075664142549 0 -0.04977779271342747 0
+0 +0 +0.5 +0 -0.5 
4 0.925668255167531 0.4182697897489529 -0.3070738737356795 -0.3070738737356795 -0.3067610697823745
+0 +0 +0.9998768954522502 -0.9998768954522502 +0 
5* 0.9453179602294193 0 0.01235696475061908 0.03803882573268056 0
-0.1162517396122186 +0.5 +1.513433806684539 -0.03404889372832854 -0.5 
6 0.8608198540913059 0.3758159501339713 -0.204762721789355 -0.204762721789355 -0.4226497492177369
+0 +0 +0.4999999612782108 -0.4999999612782108 +0 
7* 0 0.3909452981551769 0 0.1575926518393565 -0.1979490136100399
-0.5000000000144366 +0 +0.4999999999855634 +0 +0 
8* 0.7608195604240025 0.3215426708198619 0 0.1125389766119646 0
+0 +0 +0.5 +0 -0.5 
9* 0 0.9453179602294193 0 0.03803882573268056 0.01235696475061908
-0.5 +0.1162517396122186 +0.5 +0.03404889372832854 -1.513433806684539 
10 0.7332808140908079 0.2991253202105637 -0.4953385082011066 0.3274064760716605 0.3274064760716605
+0 +0 +0 -0.5000105784834529 +0.5000105784834529 
11 0.865463229720045 0.5693027634004031 0.5695114636925087 -1.12912749926703 0.5695114636925087
+0 +0 +1.008020841161747 +0 -1.008020841161747 
12* 0 0.4038820662526744 -0.0100908731693887 -0.1892225619639908 0
-0.5000000000163732 +0 +0 +0 +0.4999999999836268 
13 0.8122266655679727 0.3523923156720896 -0.02085722792980538 -0.1902492041378183 -0.4246173024026984
+0 +0 +0 +0 +0 
14 0.9048175965220889 0.3996497761418313 0.02252306824103943 -0.8860250705666032 -0.8860250705666032
+0 +0 +0 -0.5204676572213656 +0.5204676572213656 
15 0.8403808238146696 0.3665773944914128 -0.007229495424626391 -0.1714822216194666 -0.892352098794518
+0 +0 +0 +0 +0 
16* 0.8365615526654706 0 0 -0.212990625740698 0.1379384871702074
+0 -0.5 +0.5 +0 +0 
17* 0.8233026714777174 0 0 -0.4590944087179917 0.3525742195031135
+0 -0.5 +0.5 +0 +0 
18 0.8407374056077548 0.4581887809206404 0.4554563465831306 -0.3056841878398044 0.4554563465831306
+0 +0 +1.002592821204658 +0 -1.002592821204658 
19* 0.9847119582677867 0 0.004815477384490888 -0.2786696031644851 0
-0.1168694497812062 +0.5 +1.515095094844654 -0.0420385065592605 -0.5 
20 0.8760138422998329 0.3818246867460877 -0.1022596970643902 -0.1022596970643902 -0.9329682542140979
+0 +0 +0.4999999999919801 -0.4999999999919801 +0 
21 0.8535286290995934 0.3730318643796889 -0.2985053862354563 -0.2985053862354563 -0.1794511177956562
+0 +0 +0.4999974042430045 -0.4999974042430045 +0 
22 0.8244061058708199 0.3859626628739581 0.3828137606047485 0.01466383340389715 0.3828137606047485
+0 +0 +1.000286580883824 +0 -1.000286580883824 
23 0.799793505682453 0.3689005694575611 0.2797645964364989 0.2797645964364989 0.2781339561077509
+0 +0 +1.004074502942906 -1.004074502942906 +0 
24* 0.8827962913937139 0 0.01384532605253669 0.3985178254937569 0
-0.1091532875884073 +0.5 +1.50584567935754 -0.04853962052425526 -0.5 
25 0.775601387542307 0.3352396726111112 -0.03355543473030873 0.129920517455477 -0.4464083380483487
+0 +0 +0 +0 +0 
26 0.8038608532187385 0.3496259764138897 -0.01928680188445987 0.1426704547628085 -0.9324301569816945
+0 +0 +0 +0 +0 
27 0.7569425895467601 0.325617493533697 -0.0424841299226424 0.1216236491331785 -0.2168005944528019
+0 +0 +0 +0 +0 
28* 0 0.5508088547573946 0.006325309479619838 0 0.006325309479619838
+0.5 +0 +1.508454660926048 -0.5 -1.508454660926048 
29 1.015006524821764 0.4560601421498022 -0.8886517427279804 -0.8886517427279804 -0.9131701516010314
+0 +0 +0.9949755821273374 -0.9949755821273374 +0 
30* 0.8827962913937139 0.3985178254937569 0 0.01384532605253669 0
+0.1091532875884073 +0.04853962052425526 +0.5 -1.50584567935754 -0.5 
31* 0.8016063702331667 0.3413109793895834 0 -0.2221341371975726 0
+0 +0 +0.5 +0 -0.5 
32 0.9203156791528189 0.4071519618224878 -0.8558715858832434 -0.1280629563174454 -0.8558715858832434
+0 +0 +0.5183880274586915 +0 -0.5183880274586915 
33 0.8743603633905983 0.3833389424357343 -0.3661906762395402 -0.1561155427500151 -0.8372723591378676
+0 +0 +0 +0 +0 
34* 0 0.9653195518674169 -0.1095722302516065 0.008860384522068884 0
-0.5 +0.1168845039579889 +0.03526904508903747 -1.515357697446644 +0.5 
35 0.7319985351310825 0.2996561194525194 -0.07237074096654732 0.2059356563199242 0.2059356563199242
+0 +0 +0 -0.5000000782282924 +0.5000000782282924 
36 0.8848504247539033 0.3907637882231322 -0.9103587089017612 0.177489071803435 -0.9103587089017612
+0 +0 +0.5221482391027383 +0 -0.5221482391027383 
37 0.8137421078503416 0.3439505952175449 0.3401263390930771 0.3401263390930771 0.1678717017563718
+0 +0 +0.9985593134895699 -0.9985593134895699 +0 
38 0.737849011885602 0.3030505102245095 -1.023648586289259 0.4012090666240437 0.4012090666240437
+0 +0 +0 -0.5000732131177379 +0.5000732131177379 
39 0.8372723591378676 0.3661906762395402 -0.8743603633905983 0.1561155427500151 -0.3833389424357343
+0 +0 +0 +0 +0 
40 0.8575757946548803 0.3752526681307139 0 -0.3752526681307139 -0.8575757946548803
+0 +0 +0 +0 +0 
41* 0.8590707686475732 0 0 -0.4472111991620332 0.1476202882934738
+0 -0.5 +0.5 +0 +0 
42 0.8502392051007837 0.5021452580535905 0.5000069316744786 -0.5611401052629004 0.5000069316744786
+0 +0 +1.004354580322063 +0 -1.004354580322063 
43* 1.007416667606474 0 0.001450990668785924 -0.5217684820819681 0
-0.1164660597857324 +0.5 +1.512567794903433 -0.05980781411966545 -0.5 
44 0.7315197540496946 0.2981463972610419 0.2692684336148526 -0.2495650883819583 0.2692684336148526
+0 +0 +0.5000014519656333 +0 -0.5000014519656333 
45* 0 0.4037284992632556 0.1676426879049083 -0.428418268849824 0
-0.5 +0 +0 +0 +0.5 
46 0.8425844204244626 0.3682151769366229 -0.009860957249405694 -0.3552152815108722 -0.3552152815108722
+0 +0 +0 -0.4999859660337088 +0.4999859660337088 
47* 0 0.2536877417689568 0 0 -0.2536877417689568
-0.5 -0.04208824350195392 +1.529614629715806 +0.5 -0.04208824350195392 
48* 0.9033670358751549 0 0 -0.1827257070190128 -0.4225222382836745
+0 -0.5 +0.5 +0 +0 
49* 0 0.8602481196283245 -0.2045062228876224 0 -0.02571466457970716
+0.5 +0 +0 -0.5 +0 
50* 0.9573843380417009 0 0 -0.8559175483244013 -0.369201718674063
+0 -0.5 +0.5 +0 +0 
51* 0.8829353005205353 0 0 -0.435777314929643 -0.01567722760964158
+0 -0.5 +0.5 +0 +0 
52 2.383548885408763e-010 0.4472111991268049 2.383548885408763e-010 -0.1476202883229479 -0.8590707686990932
-0.5000000007725655 +1.141835270913298e-010 +0.4999999992274346 +0 +1.669887056763869e-010 
53 0.9341464299870159 0.4142356375621478 -0.8059355074661985 -0.3121200238113326 -0.8059355074661985
+0 +0 +0.5148201902309306 +0 -0.5148201902309306 
54* 0.8559175483244013 0.369201718674063 0 -0.9573843380417009 0
+0 +0 -0.5 +0 +0.5 
55 0.832734511292457 0.4217409195245289 0.4187767015857912 0.4187767015857912 -0.132855030421352
+0 +0 +1.001382816794898 -1.001382816794898 +0 
56 0.9437453699912205 0.4194875322312791 -0.7250402244422153 -0.6127991439649105 -0.6127991439649105
+0 +0 +0 +0.5025267038613427 -0.5025267038613427 
57* 0 0.9847119582677867 0.004815477384490888 -0.2786696031644851 0
-0.5 +0.1168694497812062 -1.515095094844654 +0.0420385065592605 +0.5 
58* 0 1.042345678737197 0 -1.042345678737197 0
-0.5 +0.1160006776975166 -1.508302122897112 +0.1160006776975166 +0.5 
59** 0.9168855875745957 0 0 -0.9168855875745957 0
+0 +0.5 -0.5 +0 +0 
60* 0.06001317988973012 0.5689865517944909 0.0003854482523535142 0 0
-2.771874332351375 +0.1044906342120366 -1.50042916312767 -0.5 +0.5 
61* 1.120378704731906 0 0.0002773552489073765 0.08187364362660944 0
-0.2244498941348653 +0.5 +1.500211929014133 +2.725965148079422 -0.5 
62* 0 1.007416667606474 -0.5217684820819681 0.001450990668785924 0
-0.5 +0.1164660597857324 +0.05980781411966545 -1.512567794903433 +0.5 
63* 0.4509842938530072 0 0 0.4511404740792527 0.01791696690601119
-0.34024691759799 -0.5 +0.5 +0.6600369559679691 -1.504301602093908 
64* 1.067108311500701 0 0.004764018767955861 0 0.004764018767955861
+0 -0.5 +1.505078152525964 +0.5 -1.505078152525964 
65* 0.466957490423049 0 0.01600790071605748 0 0.05396322713164622
-0.05897734362360857 -0.5 +1.521916268548494 +0.5 -0.03507041761102358 
66* 0.9206778844432283 0 0.01425843498960585 0.1938852954157218 0
-0.1143495105880228 +0.5 +1.509902619342444 -0.03755994205533182 -0.5 
67* 0 0.4498085568307252 -0.3336719604027176 -0.3336719604027176 0
-0.5 +0 -0.4999888127755567 +0.4999888127755567 +0.5 
68* 1.042345678737197 0 0 0 -1.042345678737197
-0.1160006776975166 -0.5 +1.508302122897112 +0.5 -0.1160006776975166 
69* 0.5023493147523573 0 0 0 -0.5023493147523573
-0.05967198685568861 -0.5 +1.519225939501312 +0.5 -0.05967198685568861 
70* 0.9653195518674169 0 0.008860384522068884 0 -0.1095722302516065
-0.1168845039579889 -0.5 +1.515357697446644 +0.5 -0.03526904508903747 
71* 0.0191362192906354 0.4533625997120042 0 0.2150644418114186 0
-1.516779142241177 +0.0577647104318235 -0.5 +0.04003748701948356 +0.5 
72 7.663806341521512e-009 0.4357773138035667 7.663806341521512e-009 0.01567722667858568 -0.8829353021980244
-0.4999999962365688 -5.529772811933824e-010 +0.5000000037634312 -4.572094662744712e-010 -8.237571000679313e-010 
73* 0 0.9206778844432283 0 0.1938852954157218 0.01425843498960585
-0.5 +0.1143495105880228 +0.5 +0.03755994205533182 -1.509902619342444 
74** 1.634892796480963e-009 0.4168157876116699 1.634892796480963e-009 -2.012123514669079e-010 -0.4168157880929508
-0.4999999998612874 +0 +0.5000000001387126 +0 +0 
75* 0 0.4905536361930464 -0.8286733424303888 -0.8286733424303888 0
-0.5 +0 -0.5158715710041285 +0.5158715710041285 +0.5 
76* 0 0.9244698430509871 0.008204333464968829 0 0.8979701615776377
+0.5 +0.3538230288786528 +1.501176810917682 -0.5 -0.6810950662618669 
77* 0 0.7016774224141678 0.4617995735731969 0 0.4617995735731969
+0.5 +0 +0.5003585108576992 -0.5 -0.5003585108576992 
78* 0 0.2786696031644851 -0.004815477384490888 0 -0.9847119582677867
-0.5 -0.0420385065592605 +1.515095094844654 +0.5 -0.1168694497812062 
79* 0 0.2636335242379475 -0.004650892680973788 0 -0.4893798882126978
-0.5 -0.04204923685948975 +1.523486638026378 +0.5 -0.05965056466098428 
80* 0 1.012907033072116 0 -0.8787783816396069 -0.8787783816396069
+0.5 +0 -0.5 -0.5195324396557393 +0.5195324396557393 
81* 0 0 0.4225222382836745 0.1827257070190128 -0.9033670358751549
-0.5 +0.5 +0 +0 +0 
82* 0 0.6680886847819264 0.6680886847819264 0.2753735221022046 0
-0.5 +0.5064983448438966 -0.5064983448438966 +0 +0.5 
83* 0.944977987645147 0 0 -0.3880751340473028 -0.3880751340473028
+0 -0.5 +0.5 +0.499962782521723 -0.499962782521723 
84 0.9044237695119889 0.9044237695119889 -0.304792371702807 -0.304792371702807 -0.4332884272563896
-0.5209031851819193 +0.5209031851819193 +0.4999978940164889 -0.4999978940164889 +0 
85 0.9294510397914908 0.9294510397914908 -0.1957721253114243 -0.1957721253114243 -0.9644072295515008
-0.5229348700128198 +0.5229348700128198 +0.4999999906291586 -0.4999999906291586 +0 
86 0.8907243929525646 0.8907243929525646 -0.3920118482421112 -0.3920118482421112 -0.192075099238341
-0.5200201200900453 +0.5200201200900453 +0.4999711556111866 -0.4999711556111866 +0 
87 0.2820237839869941 0.2817692235937953 0.2820237839869941 -0.4799400172155691 -0.4799400172155691
-1.00000352367169 +0 +1.00000352367169 -0.4998763897777602 +0.4998763897777602 
88 1.013926187972286 1.013926187972286 -0.7292313695755386 -0.708918223583226 -0.708918223583226
-0.5296403413198397 +0.5296403413198397 +0 +0.5062522201082951 -0.5062522201082951 
89 0.9103587089017612 0.9103587089017612 -0.8848504247539033 -0.3907637882231322 -0.177489071803435
-0.5221482391027383 +0.5221482391027383 +0 +0 +0 
90* 0.4590944087179917 0 -0.8233026714777174 -0.3525742195031135 0
+0 +0.5 +0 +0 -0.5 
91 0.9329682542140979 0.1022596970643902 -0.8760138422998329 -0.3818246867460877 0.1022596970643902
+0 +0.4999999999919801 +0 +0 -0.4999999999919801 
92 0.7250402244422153 0.6127991439649105 -0.9437453699912205 -0.4194875322312791 0.6127991439649105
+0 +0.5025267038613427 +0 +0 -0.5025267038613427 
93* 0.01061265646683442 0 0 0.4782878305978104 -0.09533632863664793
-1.52438642389748 +0.5 -0.5 +0.05948159667595243 +0.03562160731220216 
94* 0 0 0 0.5023493147523573 -0.5023493147523573
-1.519225939501312 +0.5 -0.5 +0.05967198685568861 +0.05967198685568861 
95* 0.004650892680973788 0 0 0.4893798882126978 -0.2636335242379475
-1.523486638026378 +0.5 -0.5 +0.05965056466098428 +0.04204923685948975 
96* 0.01600790071605748 0 0 0.466957490423049 0.05396322713164622
-1.521916268548494 +0.5 -0.5 +0.05897734362360857 +0.03507041761102358 
97* 0.4509842938530072 0 0.01791696690601119 0.4511404740792527 0
+0.34024691759799 +0.5 +1.504301602093908 -0.6600369559679691 -0.5 
98* 0.4893798882126978 0 0.004650892680973788 0 -0.2636335242379475
-0.05965056466098428 -0.5 +1.523486638026378 +0.5 -0.04204923685948975 
99* 0.9244698430509871 0 0.8979701615776377 0.008204333464968829 0
-0.3538230288786528 +0.5 +0.6810950662618669 -1.501176810917682 -0.5 
100 0.6467943461888618 0.1237704863931002 0.6427305421536816 0.1237704863931002 0.6427305421536816
+0 +0.4999999999574245 +0.9898930410204569 -0.4999999999574245 -0.9898930410204569 
101* 0 0 0.241830948991047 0.241830948991047 -0.0319947783949518
-0.5 +0.5 +0.4999993661394709 -0.4999993661394709 +0 
102* 0 0 0.290120024442404 0.290120024442404 -0.2108589546955813
-0.5 +0.5 +0.4999965921753377 -0.4999965921753377 +0 
103* 0 0 0.1745413562053145 0.1745413562053145 0.1482130949954299
-0.5 +0.5 +0.4999999769883565 -0.4999999769883565 +0 
104 0.72620224044524 0.4227641416588484 -0.4910095167010118 0.4227641416588484 0.09805438315471177
+0 +0.5001379614650973 +0 -0.5001379614650973 +0 
105* 0 0.7635331653789421 0.7635331653789421 -0.07309159014246294 0
-0.5 +0.5117965204318377 -0.5117965204318377 +0 +0.5 
106 0.1971326380661834 0.1967804202266993 0.09414160610161636 0.1971326380661834 -0.9874591186068576
-1.000866529141507 +0 +0 +1.000866529141507 +0 
107 0.7107379487037384 0.4994599252551937 -0.1133943245431094 -0.1133943245431094 0.4994599252551937
+0 +0.5006017498633845 -0.5000000000253527 +0.5000000000253527 -0.5006017498633845 
108 0.7920405488578144 0.7726043497001564 0.2142200266113813 -1.106120747974416 0.7726043497001564
+0 +0.9887966363499228 +0 +0 -0.9887966363499228 
109 0.1865739981086975 0.1865106256739251 0.1865739981086975 -0.224853188793888 -0.464332530937605
-1.000357123822798 +0 +1.000357123822798 +0 +0 
110 0.9586764886769396 0.9586764886769396 0 -0.9586764886769396 -0.9586764886769396
-0.5260703209589797 +0.5260703209589797 +0 -0.5260703209589797 +0.5260703209589797 
111 0.8599454163064082 0.8599454163064082 -0.02936253845044466 -0.1924398116196326 -0.9404037971111645
-0.5186259787882162 +0.5186259787882162 +0 +0 +0 
112 0.6807752277875359 0.1975923288680664 0.6708437094532901 -0.2940309111615243 0.6708437094532901
+0 +0 +0.9853351612394684 +0 -0.9853351612394684 
113 0.6452089795785786 0.6380758328919481 -0.1221536896812382 0.1922870526303351 0.6380758328919481
+0 +0.9844502281797595 +0 +0 -0.9844502281797595 
114 0.7292313695755386 0.708918223583226 -1.013926187972286 0.708918223583226 -1.013926187972286
+0 +0.5062522201082951 +0.5296403413198397 -0.5062522201082951 -0.5296403413198397 
115 0.7273993866002445 0.3158757777854366 -0.0736408158294169 0.3158757777854366 0.09132241147359135
+0 +0.5000090624647189 +0 -0.5000090624647189 +0 
116* 0 0 0.08747376886555698 0.3894527714218604 0.08747376886555698
-0.5 +0.5 +0.4999999999885064 +0 -0.4999999999885064 
117 0.9216761938067691 0.1062486838867303 -0.416100578850725 -0.416100578850725 0.1062486838867303
+0 +0.4999999999863328 +0.4999424244798152 -0.4999424244798152 -0.4999999999863328 
118 0.7248334184466649 0.6092048053532276 -0.5080388781802703 -0.5080388781802703 0.6092048053532276
+0 +0.5023428576913955 +0.4997768328634573 -0.4997768328634573 -0.5023428576913955 
119 0.8721312513484881 0.8721312513484881 -0.4381147090630053 -0.4381147090630053 -0.02751819056627352
-0.5188290405614342 +0.5188290405614342 +0.4999240336450034 -0.4999240336450034 +0 
120 0.9944210336773212 0.9944210336773212 -0.4196633205079052 -0.4196172728227086 -0.4196172728227086
-0.526283727410401 +0.526283727410401 +0 -0.9995463766047287 +0.9995463766047287 
121 0.7221410893379789 0.5173592834577032 -0.4724731772602749 -0.2262201155556053 0.5173592834577032
+0 +0.5007495023315129 +0 +0 -0.5007495023315129 
122* 0.8286733424303888 0.8286733424303888 0 0 -0.4905536361930464
-0.5158715710041285 +0.5158715710041285 -0.5 +0.5 +0 
123* 0.8928374741221405 0.1622168838000601 0 -0.9368974526783087 0
+0 +0 +0.5 +0 -0.5 
124* 0 0 -0.006928358135870363 0.08610855617178444 -0.2454209950963821
-0.5 +0.5 +1.531902587196436 -0.03582052079996867 -0.04203568577728948 
125 0.6096562216658741 0.1874883126091299 0.02615823506527489 0.6053700652100698 0.6053700652100698
+0 +0 +0 -0.9833650418666118 +0.9833650418666118 
126* 0 0.8787783816396069 -1.012907033072116 0 0.8787783816396069
-0.5 +0.5195324396557393 +0 +0.5 -0.5195324396557393 
127 0.9798978761853835 0.9798978761853835 -0.9312362124693068 -0.9312362124693068 -0.1479376272359253
-0.5274897752669682 +0.5274897752669682 +0.5241962345365412 -0.5241962345365412 +0 
128 0.9644072295515008 0.1957721253114243 -0.9294510397914908 -0.9294510397914908 0.1957721253114243
+0 +0.4999999906291586 +0.5229348700128198 -0.5229348700128198 -0.4999999906291586 
129 1.109150941879473 1.109150941879473 -0.9784586377444839 -0.9784586377444839 -1.009209124554751
-0.5374213208532642 +0.5374213208532642 +1.000612831729216 -1.000612831729216 +0 
130 0.7244882750705285 0.5770820753410494 -0.2075095408936848 0.5770820753410494 -0.9797441750917419
+0 +0.5016801379679321 +0 -0.5016801379679321 +0 
131* 0 1.120378704731906 0 0.0002773552489073764 0.08187364362660944
-0.5 +0.2244498941348653 +0.5 -1.500211929014133 -2.725965148079422 
132 0.7237555493292871 0.7103352779606561 0.2042842968168574 0.7103352779606561 -0.5462457014063307
+0 +0.9864477214374193 +0 -0.9864477214374193 +0 
133 0.1318812587586996 0.8227721668244648 0.1317906526168394 0.8227721668244648 0.1317906526168394
+0 +0.5125352509772757 +0.9999785038763308 -0.5125352509772757 -0.9999785038763308 
134* 0.7271287281063319 0.7271287281063319 0 0.08629287425991609 0
-0.5096999851943079 +0.5096999851943079 +0.5 +0 -0.5 
135* 0 0 0.09533632863664793 -0.01061265646683442 -0.4782878305978104
-0.5 +0.5 -0.03562160731220216 +1.52438642389748 -0.05948159667595243 
136 0.924449216687776 0.05426277322377069 -0.1686717224870319 -0.9041514021265664 0.05426277322377069
+0 +0.499999999999995 +0 +0 -0.499999999999995 
137* 0.428418268849824 0 -0.1676426879049083 -0.4037284992632556 0
+0 +0.5 +0 +0 -0.5 
138 0.8144040824001944 0.8144040824001944 -0.04240739590094946 -0.2112983943214536 -0.451004963340805
-0.515229704595697 +0.515229704595697 +0 +0 +0 
139 0.9784586377444839 1.009209124554751 0.9784586377444839 -1.109150941879473 -1.109150941879473
-1.000612831729216 +0 +1.000612831729216 -0.5374213208532642 +0.5374213208532642 
140 0.2678571566258061 0.2675099289633973 0.2678571566258061 -0.2088735078682368 -0.9573590705402275
-1.000051656526784 +0 +1.000051656526784 +0 +0 
141 0.8860250705666032 0.8860250705666032 -0.02252306824103943 -0.9048175965220889 -0.3996497761418313
-0.5204676572213656 +0.5204676572213656 +0 +0 +0 
142 0.7220459867254132 0.4300048252052852 -0.2435179347361854 -0.06686804949688009 0.4300048252052852
+0 +0.5001673461243875 +0 +0 -0.5001673461243875 
143 0.9990561418570003 0.9990561418570003 -0.8852151160648961 -0.3313395283207016 -0.8852151160648961
-0.5287639982194694 +0.5287639982194694 -0.5208293112441749 +0 +0.5208293112441749 
144* 0.7946685876687762 0.7946685876687762 0 -0.2466513071813279 0
-0.5136760629173733 +0.5136760629173733 -0.5 +0 +0.5 
145 0.725335958545352 0.5398590477171616 -1.000340367563032 -0.0474853279751293 0.5398590477171616
+0 +0.5010338853654477 +0 +0 -0.5010338853654477 
146 0.7228653108029175 0.4766460879690294 -0.4834450497165059 -0.05976404613349116 0.4766460879690294
+0 +0.5003918300827974 +0 +0 -0.5003918300827974 
147* 0.5217684820819681 0 -0.001450990668785924 -1.007416667606474 0
+0.05980781411966545 +0.5 -1.512567794903433 +0.1164660597857324 -0.5 
148 0.7288051640857503 0.4905272238622677 -1.014467422116516 0.4905272238622677 0.1066487529512846
+0 +0.5004794357451661 +0 -0.5004794357451661 +0 
149* 0 0 -0.944977987645147 0.3880751340473028 0.3880751340473028
-0.5 +0.5 +0 +0.499962782521723 -0.499962782521723 
150 0.9534380203164852 0.4631287410066476 0.4631287410066476 0.4628236928206573 0.4628236928206573
+0 +0.5000024591291198 -0.5000024591291198 -1.476679205516961 +1.476679205516961 
151* 0.03716612961207639 0 0.0003533732059933968 0.3154961568279427 0
-2.789361949649531 +0.5 -1.500653631853779 +0.06965971745839709 -0.5 
152* 0.7116192204006626 0.7031850865309216 0.7031850865309216 0 0
+0 +0.9893421543487294 -0.9893421543487294 -0.5 +0.5 
153* 0 0 0.003354661559463742 0.1412433566924257 0.003354661559463742
-0.5 +0.5 -1.514576689302887 +0 +1.514576689302887 
154 -3.54247239540358e-009 -3.54247239540358e-009 -0.4498085563563748 0.3336719614261009 0.3336719614256818
-0.5000000034106393 +0.4999999965893606 +4.566974681946479e-010 +0.4999888137604355 -0.4999888117902428 
155* 0 0 -0.005735402459514826 -0.3079406131455707 -0.005735402459514826
-0.5 +0.5 -1.511983484878907 +0 +1.511983484878907 
156* 0 0 -0.003354661559463742 -0.1412433566924257 -0.003354661559463742
-0.5 +0.5 -1.514576689302887 +0 +1.514576689302887 
157* 0.01771834348238986 0 0.0002084910381780327 0.1441141901190573 0
-2.796526580886356 +0.5 -1.50081908566858 +0.05640875233444371 -0.5 
158* 0 0 0 0 0
-0.5 +0.5 -1.504886305756174 +1.500271108132114 +2.704154603148888 
159 0.7816703501154817 0.7816703501154817 -0.2173990425839703 0.1108049275137246 -0.4599126745991348
-0.5131001144282841 +0.5131001144282841 +0 +0 +0 
160 0.8289348715353546 0.8289348715353546 -0.1981917233381583 0.1217810408065373 -0.9565403326434077
-0.5165072394347399 +0.5165072394347399 +0 +0 +0 
161 0.8558715858832434 0.8558715858832434 -0.4071519618224878 0.1280629563174454 -0.9203156791528189
-0.5183880274586915 +0.5183880274586915 +0 +0 +0 
162 0.845536509922815 0.845536509922815 -0.4679541393056941 0.1262358550410618 -0.4679541393056941
-0.5170811137660837 +0.5170811137660837 +0.4998735420872666 +0 -0.4998735420872666 
163 0.7620052029015643 0.7470288928868151 -0.5380385430039762 0.04849350406264995 0.7470288928868151
+0 +0.9884545051962632 +0 +0 -0.9884545051962632 
164* 0 0 0 0 0
-2.798530310169374 +0.5 -1.500879736327943 +0.05279450695485681 -0.5 
165 0.9025256076496061 -0.004136384394140863 -0.4204213481790805 -0.09595380356707529 -0.09595380356707529
+0 +0 +0 -0.4999999999929182 +0.4999999999929182 
166 0.9324301569816945 0.01928680188445987 -0.3496259764138897 -0.1426704547628085 -0.8038608532187385
+0 +0 +0 +0 +0 
167 0.9312362124693068 0.9312362124693068 -0.9798978761853835 0.1479376272359253 -0.9798978761853835
-0.5241962345365412 +0.5241962345365412 +0.5274897752669682 +0 -0.5274897752669682 
168 0.6862422387596798 0.6767307916583548 -0.1171768524466652 0.03567439688451828 0.6767307916583548
+0 +0.9864022760306123 +0 +0 -0.9864022760306123 
169* -0.01771834348238986 0 -0.0002084910381780327 -0.1441141901190573 0
-2.796526580886356 +0.5 -1.50081908566858 +0.05640875233444371 -0.5 
170* 0 -0.01425843498960585 -0.1938852954157218 0 -0.9206778844432283
-0.5 +1.509902619342444 -0.03755994205533182 +0.5 -0.1143495105880228 
171 0.9131701516010314 0.8886517427279804 -1.015006524821764 -0.4560601421498022 0.8886517427279804
+0 +0.9949755821273374 +0 +0 -0.9949755821273374 
172 0.8564417809546785 0.8348675898055578 -1.076552678322267 0.8348675898055578 -0.08263901641523883
+0 +0.9922374171500602 +0 -0.9922374171500602 +0 
173 0.8832261938572547 0.8603627017383981 -1.05417542459063 0.8603627017383981 -0.2400360468836989
+0 +0.993507629678383 +0 -0.993507629678383 +0 
174 0.8280176587852928 0.8075857824682025 -1.09265621989024 0.8075857824682025 0.05963583102898393
+0 +0.9908469668629433 +0 -0.9908469668629433 +0 
175** 0 0 0 0 0
+0 +0.9998311128556481 +0.5 -0.5 -0.9998311128556481 
176 0.7206136982484038 0.7087092390202296 -0.2880763550635381 0.04122364751127917 0.7087092390202296
+0 +0.9873041997885558 +0 +0 -0.9873041997885558 
177 1.076552678322267 0.08263901641523883 -0.8348675898055578 -0.8564417809546785 -0.8348675898055578
+0 +0 +0.9922374171500602 +0 -0.9922374171500602 
178 0.9923255792335683 0.04499565227139823 -0.3007666785478738 -0.7488065313392124 -0.7488065313392124
+0 +0 +0 -0.5110906562656211 +0.5110906562656211 
179 0.978243918122867 0.0399645272577579 -0.8021910144087388 -0.8021910144087388 -0.1165209674922182
+0 +0 +0.5147129569092167 -0.5147129569092167 +0 
180 0.7927094573889437 0.7762064904704797 -0.5284824358514174 0.7762064904704797 -0.09666645867534676
+0 +0.9897271043750139 +0 -0.9897271043750139 +0 
181 0.9090706601423595 0.8860998157749345 -0.6024140001619129 0.8860998157749345 -0.6024140001619129
+0 +0.9945698696151335 +0.4993391304968209 -0.9945698696151335 -0.4993391304968209 
182 0.82237731033627 0.8042009132172466 -0.5157777053953684 0.8042009132172466 -0.2608790146057028
+0 +0.9908848766784556 +0 -0.9908848766784556 +0 
183 0.8975722026220727 -0.002689440509912907 -0.1953922315404279 -0.1953922315404279 -0.1772126410369455
+0 +0 +0.4999999676835262 -0.4999999676835262 +0 
184 0.8027877390900947 0.7877749317614499 -0.2281791535617885 0.7877749317614499 -0.2281791535617885
+0 +0.9906002766041536 -0.5000000350543239 -0.9906002766041536 +0.5000000350543239 
185 0.7351709520147866 0.7354430231702396 0.8131148344713882 0.7354430231702396 0.8131148344713882
+0 +0.9998015413453377 +1.932076235897157 -0.9998015413453377 -1.932076235897157 
186 0.4999415815587692 0.09444318846142888 -1.006513856519346 0.09444318846142888 0.09430463270661796
+0 +0.9999692620546916 +0 -0.9999692620546916 +0 
187 0.4196633205079052 0.4196172728227086 -0.9944210336773212 -0.9944210336773212 0.4196172728227086
+0 +0.9995463766047287 +0.526283727410401 -0.526283727410401 -0.9995463766047287 
188 0.9750052785665777 0.05205417144168806 -0.2326615951303829 -0.2326615951303829 -0.2323134766890465
+0 +0 +1.000264040231601 -1.000264040231601 +0 
189 1.000340367563032 0.0474853279751293 -0.5398590477171616 -0.5398590477171616 -0.725335958545352
+0 +0 +0.5010338853654477 -0.5010338853654477 +0 
190** 0 0 0 0 0
-0.5 +0.5 -1.515514939326065 +0 +1.515514939326065 
191 0.7529435168784057 0.7392427999869742 -0.105439037844508 -0.281422546223182 0.7392427999869742
+0 +0.9884859827166534 +0 +0 -0.9884859827166534 
192 0.4447635064486389 0.4918142136958995 0.1807143186318304 0.4918142136958995 0.4447635064486389
-0.01877019940237695 +0.9614711323790809 +0 -0.9614711323790809 +0.01877019940237695 
193* 0 0 0.005735402459514826 0.3079406131455707 0.005735402459514826
-0.5 +0.5 -1.511983484878907 +0 +1.511983484878907 
194* 0 0 -0.004764018767955861 -1.067108311500701 -0.004764018767955861
-0.5 +0.5 -1.505078152525964 +0 +1.505078152525964 
195* 0.9368974526783087 0 0 -0.8928374741221405 -0.1622168838000601
+0 +0.5 -0.5 +0 +0 
196* 0 0 -0.006325309479619837 -0.5508088547573946 -0.006325309479619837
-0.5 +0.5 -1.508454660926048 +0 +1.508454660926048 
197* 0 -0.008860384522068884 0.1095722302516065 0 -0.9653195518674169
-0.5 +1.515357697446644 -0.03526904508903747 +0.5 -0.1168845039579889 
198 0.7325402468182543 0.712640856232969 -1.118038568235105 0.712640856232969 0.4261242064923249
+0 +0.9826930111601422 +0 -0.9826930111601422 +0 
199* 0 0.0319947783949518 -0.241830948991047 -0.241830948991047 0
+0.5 +0 +0.4999993661394709 -0.4999993661394709 -0.5 
200 0.8726683578761034 -0.005214418631848567 -0.316311819135711 -0.316311819135711 0.1620764205660131
+0 +0 +0.4999950275450856 -0.4999950275450856 +0 
201* 0 0.04977779271342747 -0.3316075664142549 -0.7822795788950802 0
+0.5 +0 +0 +0 -0.5 
202 0.892352098794518 0.007229495424626391 -0.3665773944914128 -0.8403808238146696 0.1714822216194666
+0 +0 +0 +0 +0 
203 0.5045603932936947 -0.1081931986113752 -0.7944076512950948 -0.7944076512950948 -0.1081931986113752
+0 +0.5000000000149513 -0.513975996747547 +0.513975996747547 -0.5000000000149513 
204 0.9404037971111645 0.02936253845044466 -0.8599454163064082 -0.8599454163064082 0.1924398116196326
+0 +0 -0.5186259787882162 +0.5186259787882162 +0 
205 0.5291895019891065 0.5364614018584818 0.02214607808682813 0.5364614018584818 0.4128693960592134
+0 +0.9704288211211941 +0 -0.9704288211211941 +0 
206 0.8744614524072085 0 -0.8744614524072085 0.1642437850089038 -0.1642437850089038
+0 +0 +0 +0 +0 
207 0.4185601182604867 0.02664536948586336 -0.9091178609831703 0.1793236474124917 0.02664536948586336
+0 +0.5 +0 +0 -0.5 
208 0.6126373021085915 0.6060845741553489 0.6060845741553489 -0.2994556471684222 0.4142943172228658
+0 +0.9765167055099747 -0.9765167055099747 +0 +0 
209 0.5724801846359441 0.5714456213339038 -0.126686570507436 0.4119262649632384 0.5714456213339038
+0 +0.974062002454095 +0 +0 -0.974062002454095 
210 0.9972901687849517 -0.1548511671808499 -0.2604874481983801 -0.1546521545238389 -0.1548511671808499
+0 +0.999338623327156 +0 +0 -0.999338623327156 
211* 0 0.02623214351415698 -0.1490903885211121 -0.3796112619898928 0
+0.5 +0 +0 +0 -0.5 
212 0.8453152525414355 -0.01352141678987157 -0.1826650145799699 -0.4146228456427686 0.1518069422043939
+0 +0 +0 +0 +0 
213* 0 0.2536877417689568 -0.2536877417689568 0 0
+0.5 +0.04208824350195392 +0.04208824350195392 -0.5 -1.529614629715806 
214 1.110478315272522 -0.2063326802885316 -0.2029790778922467 -0.2029790778922467 -0.2063326802885316
+0 +1.506500202138511 -0.4999999999406987 +0.4999999999406987 -1.506500202138511 
215* 0 0.04127178899429525 -0.1298976417923217 -0.8163312373528249 0
+0.5 +0 +0 +0 -0.5 
216 0.6596492783333863 0.647641968257882 -0.5536077188425956 0.647641968257882 0.4186947653691358
+0 +0.9789190797202965 +0 -0.9789190797202965 +0 
217* 0 0.2636335242379475 -0.4893798882126978 0 -0.004650892680973788
+0.5 +0.04204923685948975 +0.05965056466098428 -0.5 -1.523486638026378 
218* 0.4533625997120042 0 0.2150644418114186 0.0191362192906354 0
-0.0577647104318235 +0.5 -0.04003748701948356 +1.516779142241177 -0.5 
219* 0 0.2454209950963821 -0.08610855617178444 0 0.006928358135870363
+0.5 +0.04203568577728948 +0.03582052079996867 -0.5 -1.531902587196436 
220* 0.1362093312181453 0.02696370356817965 0 0.1362093299994214 0
+0.3289557666354657 +1.536103569387249 -0.5 -0.6710441109157299 +0.5 
221 0.6172882427289103 -0.8084565557129415 -0.8014070848926939 -0.8084565557129415 -0.8014070848926939
+0 +1.457717768553729 +0.5003339327116532 -1.457717768553729 -0.5003339327116532 
222 0.4806982438395973 -0.1058404932933374 -0.1098182998578122 -0.1058404932933374 -0.08241942515204957
+0 +1.001975019102381 +0 -1.001975019102381 +0 
223* 0.4782878305978104 0.01061265646683442 0 -0.09533632863664793 0
-0.05948159667595243 +1.52438642389748 +0.5 -0.03562160731220216 -0.5 
224 0.4132037623909085 -0.1770387581847759 -0.1770387581847759 0.1776548747609259 -0.1730590381457103
+0 +0.4999999876178751 -0.4999999876178751 +0 +0 
225* 0 -0.001450990668785924 0.5217684820819681 0 -1.007416667606474
-0.5 +1.512567794903433 -0.05980781411966545 +0.5 -0.1164660597857324 
226 0.4922148891413652 0 -0.4922148891413652 0 0
+0 +1.000198322817248 +0 +0 -1.000198322817248 
227 0.9573590705402275 -0.2678571566258061 -0.2675099289633973 -0.2678571566258061 0.2088735078682368
+0 +1.000051656526784 +0 -1.000051656526784 +0 
228 0.5611401052629004 -0.5000069316744786 -0.5021452580535905 -0.5000069316744786 -0.8502392051007837
+0 +1.004354580322063 +0 -1.004354580322063 +0 
229 0.5157777053953684 -0.8042009132172466 -0.82237731033627 0.2608790146057028 -0.8042009132172466
+0 +0.9908848766784556 +0 +0 -0.9908848766784556 
230* 0 0.01009087316759215 -0.4038820662548058 0 0.18922256196212
-0.5000000000600786 +0 +0 +0.4999999999399214 +0 
231 0.5380385430039762 -0.7470288928868151 -0.7620052029015643 -0.7470288928868151 -0.04849350406264995
+0 +0.9884545051962632 +0 -0.9884545051962632 +0 
232* 0 -0.1745413562053145 -0.1482130949954299 -0.1745413562053145 0
+0.5 +0.4999999769883565 +0 -0.4999999769883565 -0.5 
233 1.106120747974416 -0.2142200266113813 -0.7726043497001564 -0.7920405488578144 -0.7726043497001564
+0 +0 -0.9887966363499228 +0 +0.9887966363499228 
234 0.5536077188425956 -0.647641968257882 -0.4186947653691358 -0.6596492783333863 -0.647641968257882
+0 +0.9789190797202965 +0 +0 -0.9789190797202965 
235 8.926564825189711e-009 -1.112075151459188e-009 -0.1789782228723124 8.926564825189711e-009 0.1789782205656996
-0.5000000026031432 +3.243006579287072e-010 +3.36324424327905e-010 +0.4999999973968568 +3.363244108352205e-010 
236 1.023648586289259 -0.3030505102245095 -0.737849011885602 -0.4012090666240437 -0.4012090666240437
+0 +0 +0 +0.5000732131177379 -0.5000732131177379 
237* 0 -0.1362093299994214 -0.1362093312181453 0 -0.02696370356817965
+0.5 +0.6710441109157299 -0.3289557666354657 -0.5 -1.536103569387249 
238* 0 0.2372598431376835 0.06400597419936481 0 0.01384753812678883
+0.5 +0.04182232666709562 +0.03560136998008959 -0.5 -1.530026722228858 
239* 0 0.02571466457970716 0.2045062228876224 -0.8602481196283245 0
+0.5 +0 +0 +0 -0.5 
240 0.4910095167010118 -0.4227641416588484 -0.4227641416588484 -0.72620224044524 -0.09805438315471177
+0 +0.5001379614650973 -0.5001379614650973 +0 +0 
241* 0 -0.4617995735731969 -0.4617995735731969 -0.7016774224141678 0
+0.5 +0.5003585108576992 -0.5003585108576992 +0 -0.5 
242 0.4724731772602749 -0.5173592834577032 -0.5173592834577032 -0.7221410893379789 0.2262201155556053
+0 +0.5007495023315129 -0.5007495023315129 +0 +0 
243* 0 -0.05396322713164622 -0.466957490423049 0 -0.01600790071605748
+0.5 +0.03507041761102358 +0.05897734362360857 -0.5 -1.521916268548494 
244* 0 -0.7031850865309216 -0.7031850865309216 -0.7116192204006626 0
+0.5 +0.9893421543487294 -0.9893421543487294 +0 -0.5 
245 0.4678640410738965 -0.2960618355826268 -0.7270607105175707 0.2231130628323989 -0.7270607105175707
+0 +0 -0.5095861293227448 +0 +0.5095861293227448 
246 0.4599126745991348 -0.7816703501154817 -0.7816703501154817 0.2173990425839703 -0.1108049275137246
+0 +0.5131001144282841 -0.5131001144282841 +0 +0 
247 0.4139833175179702 -0.0751092917161208 -0.0751092917161208 0.1767274494980472 -0.4165021974207802
+0 +0.4999999999995147 -0.4999999999995147 +0 +0 
248 0.4884434319698557 -0.2868109043745572 -0.6557199938417583 -0.09611380248664379 -0.6557199938417583
+0 +0 -0.5058139039431294 +0 +0.5058139039431294 
249* 0 -0.08747376886555698 -0.08747376886555698 -0.3894527714218604 0
+0.5 +0.4999999999885064 -0.4999999999885064 +0 -0.5 
250* 0 -0.8979701615776377 -0.008204333464968829 -0.9244698430509871 0
+0.5 +0.6810950662618669 -1.501176810917682 -0.3538230288786528 -0.5 
251* 0 -0.4511404740792527 0 -0.4509842938530072 -0.01791696690601119
+0.5 +0.6600369559679691 -0.5 -0.34024691759799 -1.504301602093908 
252* 0 -0.06400597419936481 -0.2372598431376835 0 -0.01384753812678883
+0.5 +0.03560136998008959 +0.04182232666709562 -0.5 -1.530026722228858 
253 0.4343199032622031 -0.3434063365028398 -0.1364868383800159 0.1971165578095898 -0.7922942391257939
+0 +0 +0 +0 +0 
254* 0 -0.3413109793895834 0 -0.8016063702331667 0.2221341371975726
+0.5 +0 -0.5 +0 +0 
255* 0 -0.3215426708198619 -0.1125389766119646 -0.7608195604240025 0
+0.5 +0 +0 +0 -0.5 
256* 0 0 0 0 0
-2.704154603148888 -1.500271108132114 -0.5 +0.5 +1.504886305756174 
257* 0.2372598431376835 0 0.01384753812678883 0 0.06400597419936481
-0.04182232666709562 -0.5 +1.530026722228858 +0.5 -0.03560136998008959 
258* 0.2454209950963821 0 0.006928358135870363 0 -0.08610855617178444
-0.04203568577728948 -0.5 +1.531902587196436 +0.5 -0.03582052079996867 
259 0.4172047801409544 0.1991094241247264 -0.386002852749058 0.1991094241247264 -0.386002852749058
+0 +0.4999999695720773 -0.4999695373694824 -0.4999999695720773 +0.4999695373694824 
260 0.4165021974207802 0.0751092917161208 -0.1767274494980472 0.0751092917161208 -0.4139833175179702
+0 +0.4999999999995147 +0 -0.4999999999995147 +0 
261 0.4207881498178113 0.1553986239823242 -0.1649998776846754 0.1553986239823242 -0.889291355412372
+0 +0.4999999981146333 +0 -0.4999999981146333 +0 
262 0.2838722907075044 0.6950683307616169 -0.08425736488697339 0.6950683307616169 -0.08425736488697339
+0 +0.5076956493946472 -0.5000000000008354 -0.5076956493946472 +0.5000000000008354 
263 0.2960618355826268 0.7270607105175707 -0.2231130628323989 0.7270607105175707 -0.4678640410738965
+0 +0.5095861293227448 +0 -0.5095861293227448 +0 
264 0.4464083380483487 0.03355543473030873 -0.3352396726111112 -0.129920517455477 -0.775601387542307
+0 +0 +0 +0 +0 
265 0.4226497492177369 0.204762721789355 0.204762721789355 -0.3758159501339713 -0.8608198540913059
+0 +0.4999999612782108 -0.4999999612782108 +0 +0 
266 0.2868109043745572 0.6557199938417583 0.09611380248664379 -0.4884434319698557 0.6557199938417583
+0 +0.5058139039431294 +0 +0 -0.5058139039431294 
267 0.4332884272563896 0.304792371702807 -0.9044237695119889 -0.9044237695119889 0.304792371702807
+0 +0.4999978940164889 -0.5209031851819193 +0.5209031851819193 -0.4999978940164889 
268 0.3313395283207016 0.8852151160648961 -0.9990561418570003 -0.9990561418570003 0.8852151160648961
+0 +0.5208293112441749 -0.5287639982194694 +0.5287639982194694 -0.5208293112441749 
269 0 0 -0.763533165355855 -0.7635331653640511 0.07309159014957854
-0.4999999997511725 +0.5000000002488274 -0.511796520507646 +0.5117965203540034 +0 
270 0.3118796974761735 0.7982960104121586 -0.491638486040418 -0.491638486040418 0.7982960104121586
+0 +0.5138248799985808 -0.4998203111637918 +0.4998203111637918 -0.5138248799985808 
271 -7.876857149871987e-010 -7.876857149871987e-010 -0.6680886845239035 -0.6680886845145203 -0.2753735220174219
-0.5000000003410939 +0.4999999996589061 -0.5064983447192982 +0.5064983449468263 +0 
272 0.4716355742245693 0.05341881319657132 -0.75268312643044 -0.1054302759321009 -0.75268312643044
+0 +0 +0.5112931766147116 +0 -0.5112931766147116 
273 0.277710991098269 0.5731497087593855 0.08503317688653282 -0.07670713231656472 0.5731497087593855
+0 +0.5026870419858862 +0 +0 -0.5026870419858862 
274 0.4204213481790805 0.09595380356707529 0.004136384394140863 0.09595380356707529 -0.9025256076496061
+0 +0.4999999999929182 +0 -0.4999999999929182 +0 
275 0.4946273422636083 0.5861923489774729 0.5943874038915731 0.5943874038915731 0.5861923489774729
+0 +0.5000662700962051 +1.450381900112319 -1.450381900112319 -0.5000662700962051 
276 0.2910559767298326 0.695500871330733 -0.05832103770016395 0.695500871330733 -0.4795753683404257
+0 +0.5078281548337446 +0 -0.5078281548337446 +0 
277 0.3059664594630596 0.7774161539911419 -0.2037826260613583 0.7774161539911419 -0.9707060756340517
+0 +0.5129072453560093 +0 -0.5129072453560093 +0 
278 0.3121200238113326 0.8059355074661985 -0.9341464299870159 -0.4142356375621478 0.8059355074661985
+0 +0.5148201902309306 +0 +0 -0.5148201902309306 
279 0.7488065313392124 0.3007666785478738 -0.9923255792335683 -0.04499565227139823 0.7488065313392124
+0.5110906562656211 +0 +0 +0 -0.5110906562656211 
280* 0.1362093312181453 0.1362093299994214 0.02696370356817965 0 0
-0.3289557666354657 +0.6710441109157299 -1.536103569387249 +0.5 -0.5 
281 0.2812994019106206 0.6145603012629968 0.6145603012629968 0.08961174870249374 -0.2479028248035828
+0 +0.5040786683437349 -0.5040786683437349 +0 +0 
282 0.2849984517535856 0.6578919965827166 -0.06641506366939187 0.6578919965827166 -0.241913784969017
+0 +0.505940153800309 +0 -0.505940153800309 +0 
283* 0 0 -0.1362093299994214 -0.1362093312181453 -0.02696370356817965
-0.5 +0.5 -0.6710441109157299 +0.3289557666354657 +1.536103569387249 
284 0.2959770090163624 0.7127063187945576 -1.008189358051308 0.1066791716352058 0.7127063187945576
+0 +0.5089059299555926 +0 +0 -0.5089059299555926 
285* 0 0.3154961568279427 0.03716612961207639 0.0003533732059933969 0
+0.5 -0.06965971745839709 +2.789361949649531 +1.500653631853779 -0.5 
286* 0 0 0.0787206648284136 -0.0787206648284136 0
+0.5 +1.535682589897054 -0.03587571556654055 -0.03587571556654055 -0.5 
287 0.4735509674243978 0.0624612494644735 -0.145002535851563 -0.1452807974105611 -0.145002535851563
+0 +0 +1.000500506638176 +0 -1.000500506638176 
288 0.5284824358514174 0.09666645867534676 -0.7762064904704797 -0.7762064904704797 -0.7927094573889437
+0 +0 +0.9897271043750139 -0.9897271043750139 +0 
289 0.4795753683404257 0.05832103770016395 -0.2910559767298326 -0.695500871330733 -0.695500871330733
+0 +0 +0 +0.5078281548337446 -0.5078281548337446 
290 0.1452807974105611 0.145002535851563 -0.0624612494644735 -0.4735509674243978 0.145002535851563
+0 +1.000500506638176 +0 +0 -1.000500506638176 
291 0.3033510063128488 0.1241274386515821 0.09699559793151089 0.7329842833419026 0.1241274386515821
+0 +0.5000000002137186 +0 +0 -0.5000000002137186 
292 0.4175706961462363 0.002381045718184924 -0.1018032930495077 -0.1018032930495077 -0.1753584140912396
+0 +0 +0.4999999999775618 -0.4999999999775618 +0 
293 0.4834450497165059 0.05976404613349116 -0.7228653108029175 -0.4766460879690294 -0.4766460879690294
+0 +0 +0 +0.5003918300827974 -0.5003918300827974 
294* 0 -0.01235696475061908 -0.9453179602294193 -0.03803882573268056 0
+0.5 +1.513433806684539 -0.1162517396122186 -0.03404889372832854 -0.5 
295* 0 -0.01791696690601119 0 -0.4511404740792527 -0.4509842938530072
+0.5 +1.504301602093908 -0.5 -0.6600369559679691 +0.34024691759799 
296* 0 -0.01600790071605748 -0.05396322713164622 -0.466957490423049 0
+0.5 +1.521916268548494 -0.03507041761102358 -0.05897734362360857 -0.5 
297* 0 -0.01384532605253669 0 -0.8827962913937139 -0.3985178254937569
+0.5 +1.50584567935754 -0.5 -0.1091532875884073 -0.04853962052425526 
298* 0 -0.008204333464968829 0 -0.8979701615776377 -0.9244698430509871
+0.5 +1.501176810917682 -0.5 -0.6810950662618669 +0.3538230288786528 
299* 0 -0.0191362192906354 0 -0.4533625997120042 -0.2150644418114186
+0.5 +1.516779142241177 -0.5 -0.0577647104318235 -0.04003748701948356 
300 6.155077052793766e-008 6.155077052793766e-008 -0.7271287473821081 -0.727128747773367 -0.08629288117919405
-0.4999999874932884 +0.5000000125067116 -0.5096999901135441 +0.5096999822006211 -1.405951743185812e-009 
301 -1.859572411606356e-010 -1.859572411606356e-010 -0.2901200243862911 -0.2901200243862948 0.2108589547167467
-0.5000000000772141 +0.4999999999227858 -0.4999965921520434 +0.4999965921986408 +0 
302 0.409770943197021 0.003590957702482636 -0.2528434181781719 0.1764879653911742 -0.2528434181781719
+0 +0 -0.4999994038352576 +0 +0.4999994038352576 
303 0.3986847739596881 0 -0.1698307733736653 0.1698307733736653 -0.3986847739596881
+0 +0 +0 +0 +0 
304 0.4146228456427686 0.01352141678987157 -0.1518069422043939 0.1826650145799699 -0.8453152525414355
+0 +0 +0 +0 +0 
305 0.5616649021470227 -0.1145933352272848 -0.1147082055039358 -0.1145933352272848 -0.1147082055039358
+0 +0.4999999999998619 +1.510040589566165 -0.4999999999998619 -1.510040589566165 
306* 0 -0.01384753812678883 -0.06400597419936481 0 -0.2372598431376835
-0.5 +1.530026722228858 -0.03560136998008959 +0.5 -0.04182232666709562 
307 1.042918111109141 -0.1596470823912715 -0.8281070506481356 -0.1596470823912715 -0.8281070506481356
+0 +0.500000001080347 +0.516627389895567 -0.500000001080347 -0.516627389895567 
308 0.451004963340805 0.04240739590094946 -0.8144040824001944 -0.8144040824001944 0.2112983943214536
+0 +0 +0.515229704595697 -0.515229704595697 +0 
309 0.4864356399082925 -0.06141166596598809 -0.06141166596598809 -0.2538307636156439 -0.06096993796923603
+0 +1.000199819196902 -1.000199819196902 +0 +0 
310 0.9091178609831703 -0.02664536948586336 -0.1793236474124917 -0.4185601182604867 -0.02664536948586336
+0 +0.5 +0 +0 -0.5 
311 0.4246173024026984 0.02085722792980538 -0.8122266655679727 0.1902492041378183 -0.3523923156720896
+0 +0 +0 +0 +0 
312 0 0 0 0 0
+0 +1.000000534918096 +2.049132673087468 -1.000000534918096 -2.049132673087468 
313* 0 -0.03716612961207639 -0.3154961568279427 -0.0003533732059933968 0
+0.5 +2.789361949649531 -0.06965971745839709 +1.500653631853779 -0.5 
314* 0 -0.08187364362660944 -1.120378704731906 -0.0002773552489073763 0
+0.5 +2.725965148079422 -0.2244498941348653 +1.500211929014133 -0.5 
315* 0 0.0003854482523535143 0 0.06001317988973012 0.5689865517944909
+0.5 +1.50042916312767 -0.5 +2.771874332351375 -0.1044906342120366 
316 0.9874591186068576 -0.1971326380661834 -0.1967804202266993 -0.1971326380661834 -0.09414160610161636
+0 +1.000866529141507 +0 -1.000866529141507 +0 
317 0.4799400172155691 -0.2820237839869941 -0.2820237839869941 0.4799400172155691 -0.2817692235937953
+0.4998763897777602 +1.00000352367169 -1.00000352367169 -0.4998763897777602 +0 
318 1.006513856519346 -0.09444318846142888 -0.09430463270661796 -0.09444318846142888 -0.4999415815587692
+0 +0.9999692620546916 +0 -0.9999692620546916 +0 
319 1.12912749926703 -0.5695114636925087 -0.865463229720045 -0.5695114636925087 -0.5693027634004031
+0 +1.008020841161747 +0 -1.008020841161747 +0 
320 0.9041514021265664 -0.05426277322377069 -0.924449216687776 -0.05426277322377069 0.1686717224870319
+0 +0.499999999999995 +0 -0.499999999999995 +0 
321 0.8829647897739422 -0.2528790901887898 0.1645299410013215 -0.1770717171939547 -0.2528790901887898
+0 +0.4999994925533694 +0 +0 -0.4999994925533694 
322 0.889291355412372 -0.1553986239823242 -0.1553986239823242 0.1649998776846754 -0.4207881498178113
+0 +0.4999999981146333 -0.4999999981146333 +0 +0 
323 0.4953385082011066 -0.2991253202105637 -0.7332808140908079 -0.3274064760716605 -0.3274064760716605
+0 +0 +0 -0.5000105784834529 +0.5000105784834529 
324 1.118038568235105 -0.712640856232969 -0.7325402468182543 -0.712640856232969 -0.4261242064923249
+0 +0.9826930111601422 +0 -0.9826930111601422 +0 
325 0.464332530937605 -0.1865739981086975 -0.1865739981086975 -0.1865106256739251 0.224853188793888
+0 +1.000357123822798 -1.000357123822798 +0 +0 
326 0.5462457014063307 -0.2042842968168574 -0.7103352779606561 -0.7237555493292871 -0.7103352779606561
+0 +0 -0.9864477214374193 +0 +0.9864477214374193 
327 1.09265621989024 -0.8075857824682025 -0.8075857824682025 -0.8280176587852928 -0.05963583102898393
+0 +0.9908469668629433 -0.9908469668629433 +0 +0 
328 1.05417542459063 -0.8603627017383981 -0.8603627017383981 -0.8832261938572547 0.2400360468836989
+0 +0.993507629678383 -0.993507629678383 +0 +0 
329 1.226403434840568 -0.8709151778843255 -0.8729260191304463 -0.8729260191304463 -0.8709151778843255
+0 +1.456691109737706 -0.5005406027391317 +0.5005406027391317 -1.456691109737706 
330* 0 -0.06001317988973012 -0.5689865517944909 -0.0003854482523535142 0
+0.5 +2.771874332351375 -0.1044906342120366 +1.50042916312767 -0.5 
331* 0 0.01771834348238986 0 0.0002084910381780327 0.1441141901190573
+0.5 +2.796526580886356 -0.5 +1.50081908566858 -0.05640875233444371 
332 0.9565403326434077 -0.8289348715353546 -0.8289348715353546 0.1981917233381583 -0.1217810408065373
+0 +0.5165072394347399 -0.5165072394347399 +0 +0 
333 1.019195660029825 0 -1.019195660029825 0 0
+0 +1.000054813133649 +0 +0 -1.000054813133649 
334* 0 -0.01771834348238986 0 -0.0002084910381780328 -0.1441141901190573
+0.5 +2.796526580886356 -0.5 +1.50081908566858 -0.05640875233444371 
335 0.8259783627748157 -0.3926584106000827 -0.3926584106000827 0.3611305911621638 0.1507954765771575
+0 +0.4999665643492858 -0.4999665643492858 +0 +0 
336 1.014467422116516 -0.4905272238622677 -0.4905272238622677 -0.1066487529512846 -0.7288051640857503
+0 +0.5004794357451661 -0.5004794357451661 +0 +0 
337 0.9707060756340517 -0.3059664594630596 -0.7774161539911419 0.2037826260613583 -0.7774161539911419
+0 +0 +0.5129072453560093 +0 -0.5129072453560093 
338 0.9797441750917419 -0.5770820753410494 -0.7244882750705285 -0.5770820753410494 0.2075095408936848
+0 +0.5016801379679321 +0 -0.5016801379679321 +0 
339 1.008189358051308 -0.2959770090163624 -0.7127063187945576 -0.7127063187945576 -0.1066791716352058
+0 +0 -0.5089059299555926 +0.5089059299555926 +0 
340* 0 0 0 0 0
+0.5 +2.798530310169374 -0.5 +1.500879736327943 -0.05279450695485681 
341* 0 -0.0787206648284136 0.0787206648284136 0 0
+0.5 +0.03587571556654055 +0.03587571556654055 -0.5 -1.535682589897054 
342 0.9099661733959152 -0.3575814151341473 0.1778839845782158 -0.820268779082713 -0.1489626998240421
+0 +0 +0 +0 +0 
343 0.7922942391257939 -0.4343199032622031 -0.1971165578095898 0.1364868383800159 0.3434063365028398
+0 +0 +0 +0 +0 
344* 0 -0.3909452981560614 0.1979490136092536 -0.1575926518401294 0
+0.5 +0 +0 +0 -0.5 
345 0.820268779082713 -0.9099661733959152 0.1489626998240421 -0.1778839845782158 0.3575814151341473
+0 +0 +0 +0 +0 
346* 0 -0.7946685876687762 0.2466513071813279 -0.7946685876687762 0
-0.5 -0.5136760629173733 +0 +0.5136760629173733 +0.5 
347* 0 -0.1379384871702074 0.212990625740698 -0.8365615526654706 0
+0.5 +0 +0 +0 -0.5 
348* 0 -0.2454209950963821 0.08610855617178444 0 -0.006928358135870363
+0.5 +0.04203568577728948 +0.03582052079996867 -0.5 -1.531902587196436 
349* 0 0 0 0 0
+0.5 -0.5 +4.603388875425663 +2.534001444353169 +1.500012548366818 
350 0.2323134766890465 0.2326615951303829 -0.05205417144168806 0.2326615951303829 -0.9750052785665777
+0 +1.000264040231601 +0 -1.000264040231601 +0 
351 0.08626747311042536 0.08519534552697604 -0.06840909884528713 0.08519534552697604 -0.2393403285955766
+0 +1.000011429321255 +0 -1.000011429321255 +0 
352 0.7944076512950948 0.1081931986113752 -0.5045603932936947 0.1081931986113752 0.7944076512950948
+0.513975996747547 +0.5000000000149513 +0 -0.5000000000149513 -0.513975996747547 
353 0.8281070506481356 0.1596470823912715 0.1596470823912715 -1.042918111109141 0.8281070506481356
+0.516627389895567 +0.500000001080347 -0.500000001080347 +0 -0.516627389895567 
354 0.3067610697823745 0.3070738737356795 -0.925668255167531 -0.4182697897489529 0.3070738737356795
+0 +0.9998768954522502 +0 +0 -0.9998768954522502 
355 0.7598052120896138 0.01199237610100767 -0.07447259947044868 0.01199237610100767 0.7598052120896138
+0.5115991923246589 +0.5 +0 -0.5 -0.5115991923246589 
356 0.08241942515204957 0.1058404932933374 -0.4806982438395973 0.1098182998578122 0.1058404932933374
+0 +1.001975019102381 +0 +0 -1.001975019102381 
357 0.6726597382738043 0.1106035056908121 0.6906178011478054 0.6906178011478054 0.6726597382738043
+0.5001482911852667 +0 +1.455395246671962 -1.455395246671962 -0.5001482911852667 
358 0.04198313225481101 0.04495064324839775 -0.2448728198163983 0.08534596201391102 0.04495064324839775
+0 +1.003056055694827 +0 +0 -1.003056055694827 
359 0.7751126445305892 0.06219517833815958 0.06219517833815958 -0.2539278054526197 0.7751126445305892
+0.5126185482433168 +0.500000000000025 -0.500000000000025 +0 -0.5126185482433168 
360* 0 0.2786696031644851 -0.004815477384490888 -0.9847119582677867 0
+0.5 +0.0420385065592605 -1.515095094844654 +0.1168694497812062 -0.5 
361 0.2528434181781719 -0.003590957702482636 -0.1764879653911742 0.2528434181781719 -0.409770943197021
+0.4999994038352576 +0 +0 -0.4999994038352576 +0 
362 0.3361626879804032 0 -0.3361626879804032 0.3361626879804032 -0.3361626879804032
+0.4999912277356597 +0 -0.4999912277356597 -0.4999912277356597 +0.4999912277356597 
363 0.316311819135711 0.005214418631848567 -0.8726683578761034 0.316311819135711 -0.1620764205660131
+0.4999950275450856 +0 +0 -0.4999950275450856 +0 
364 0.3552152815108722 0.009860957249405694 -0.8425844204244626 0.3552152815108722 -0.3682151769366229
+0.4999859660337088 +0 +0 -0.4999859660337088 +0 
365 0.07447259947044868 -0.01199237610100767 -0.7598052120896138 -0.7598052120896138 -0.01199237610100767
+0 +0.5 +0.5115991923246589 -0.5115991923246589 -0.5 
366 0.1426879072855721 -0.03053455517606654 -0.03053455517606654 -0.0293257321965375 -0.0293257321965375
+0 +0.5 -0.5 -1.51471131999393 +1.51471131999393 
367 0.8014070848926939 0.8084565557129415 -0.6172882427289103 0.8014070848926939 0.8084565557129415
+0.5003339327116532 +1.457717768553729 +0 -0.5003339327116532 -1.457717768553729 
368 0.4381147090630053 0.02751819056627352 -0.8721312513484881 -0.8721312513484881 0.4381147090630053
+0.4999240336450034 +0 +0.5188290405614342 -0.5188290405614342 -0.4999240336450034 
369 0.8729260191304463 0.8709151778843255 -1.226403434840568 0.8709151778843255 0.8729260191304463
+0.5005406027391317 +1.456691109737706 +0 -1.456691109737706 -0.5005406027391317 
370 0.7603055275060766 0.7718466451014152 -0.3489823616343609 0.7718466451014152 0.7603055275060766
+0.5002557870652283 +1.457947396612815 +0 -1.457947396612815 -0.5002557870652283 
371 0.7294406334222076 0.7439056249083748 0.7439056249083748 0.7294406334222076 -0.1730069568604916
+0.5002107332857119 +1.457671650223377 -1.457671650223377 -0.5002107332857119 +0 
372 0.07237074096654732 -0.2996561194525194 -0.7319985351310825 -0.2059356563199242 -0.2059356563199242
+0 +0 +0 +0.5000000782282924 -0.5000000782282924 
373 0.132855030421352 -0.4187767015857912 -0.832734511292457 -0.4217409195245289 -0.4187767015857912
+0 +1.001382816794898 +0 +0 -1.001382816794898 
374 0.08186717918533121 0 -0.08186717918533121 0 0
+0 +1.007552989988817 +0 +0 -1.007552989988817 
375 0.126686570507436 -0.5714456213339038 -0.5714456213339038 -0.5724801846359441 -0.4119262649632384
+0 +0.974062002454095 -0.974062002454095 +0 +0 
376* 0.1095722302516065 0 0 -0.9653195518674169 -0.008860384522068884
+0.03526904508903747 +0.5 -0.5 +0.1168845039579889 -1.515357697446644 
377 0.386002852749058 -0.1991094241247264 0.386002852749058 -0.4172047801409544 -0.1991094241247264
+0.4999695373694824 +0.4999999695720773 -0.4999695373694824 +0 -0.4999999695720773 
378 0.75268312643044 -0.05341881319657132 0.1054302759321009 -0.4716355742245693 0.75268312643044
+0.5112931766147116 +0 +0 +0 -0.5112931766147116 
379 0.2281791535617885 -0.7877749317614499 0.2281791535617885 -0.8027877390900947 -0.7877749317614499
+0.5000000350543239 +0.9906002766041536 -0.5000000350543239 +0 -0.9906002766041536 
380 0.416100578850725 -0.1062486838867303 0.416100578850725 -0.9216761938067691 -0.1062486838867303
+0.4999424244798152 +0.4999999999863328 -0.4999424244798152 +0 -0.4999999999863328 
381 0.6024140001619129 -0.8860998157749345 0.6024140001619129 -0.8860998157749345 -0.9090706601423595
+0.4993391304968209 +0.9945698696151335 -0.4993391304968209 -0.9945698696151335 +0 
382 0.7017231601131417 0.7183123354479778 -0.02909430152073478 0.7183123354479778 0.7017231601131417
+0.500177690998887 +1.456903992210589 +0 -1.456903992210589 -0.500177690998887 
383* 0.09533632863664793 0 -0.01061265646683442 -0.4782878305978104 0
+0.03562160731220216 +0.5 -1.52438642389748 +0.05948159667595243 -0.5 
384 0.1730069568604916 -0.7439056249083748 -0.7439056249083748 -0.7294406334222076 -0.7294406334222076
+0 +1.457671650223377 -1.457671650223377 -0.5002107332857119 +0.5002107332857119 
385 0.1171768524466652 -0.6767307916583548 -0.6862422387596798 -0.03567439688451828 -0.6767307916583548
+0 +0.9864022760306123 +0 +0 -0.9864022760306123 
386 0.8021910144087388 -0.0399645272577579 -0.978243918122867 0.1165209674922182 0.8021910144087388
+0.5147129569092167 +0 +0 +0 -0.5147129569092167 
387 0.3659001858844105 -0.2850271203373644 0.3659001858844105 -0.1739842883349601 -0.2850271203373644
+0.4999810282053157 +0.4999982926332257 -0.4999810282053157 +0 -0.4999982926332257 
388 0.7186073903518675 -0.06165743617138426 0.09840804282753364 -0.2362891734744636 0.7186073903518675
+0.5092645390182816 +0 +0 +0 -0.5092645390182816 
389 0.1221536896812382 -0.1922870526303351 -0.6380758328919481 -0.6452089795785786 -0.6380758328919481
+0 +0 +0.9844502281797595 +0 -0.9844502281797595 
390* 0 -0.03803882573268056 -0.01235696475061908 -0.9453179602294193 0
+0.5 +0.03404889372832854 -1.513433806684539 +0.1162517396122186 -0.5 
391 0.73950182860404 -0.03994671670197033 -0.03994671670197033 0.09073358478350084 0.73950182860404
+0.510329162026507 +0.5000000000000001 -0.5000000000000001 +0 -0.510329162026507 
392 0.491638486040418 -0.3118796974761735 -0.7982960104121586 0.491638486040418 -0.7982960104121586
+0.4998203111637918 +0 -0.5138248799985808 -0.4998203111637918 +0.5138248799985808 
393 0.5080388781802703 -0.6092048053532276 -0.6092048053532276 0.5080388781802703 -0.7248334184466649
+0.4997768328634573 +0.5023428576913955 -0.5023428576913955 -0.4997768328634573 +0 
394 0.4679541393056941 -0.845536509922815 -0.845536509922815 0.4679541393056941 -0.1262358550410618
+0.4998735420872666 +0.5170811137660837 -0.5170811137660837 -0.4998735420872666 +0 
395 0.07670713231656472 -0.277710991098269 -0.5731497087593855 -0.08503317688653282 -0.5731497087593855
+0 +0 +0.5026870419858862 +0 -0.5026870419858862 
396 0.0736408158294169 -0.3158757777854366 -0.3158757777854366 -0.09132241147359135 -0.7273993866002445
+0 +0.5000090624647189 -0.5000090624647189 +0 +0 
397 0.3926584106000827 -0.3611305911621638 -0.8259783627748157 0.3926584106000827 -0.1507954765771575
+0.4999665643492858 +0 +0 -0.4999665643492858 +0 
398* 0 -0.9206778844432283 -0.1938852954157218 0 -0.01425843498960585
+0.5 +0.1143495105880228 +0.03755994205533182 -0.5 -1.509902619342444 
399* 0 -1.120378704731906 0 -0.0002773552489073761 -0.08187364362660944
+0.5 +0.2244498941348653 -0.5 -1.500211929014133 -2.725965148079422 
400* 0 -0.3985178254937569 0 -0.8827962913937139 -0.01384532605253669
+0.5 +0.04853962052425526 -0.5 +0.1091532875884073 -1.50584567935754 
401* 0 -0.4533625997120042 -0.2150644418114186 0 -0.0191362192906354
+0.5 +0.0577647104318235 +0.04003748701948356 -0.5 -1.516779142241177 
402* 0 -0.5689865517944909 0 -0.0003854482523535143 -0.06001317988973012
+0.5 +0.1044906342120366 -0.5 -1.50042916312767 -2.771874332351375 
403 0.3711448963182864 -0.2480175495639686 0.7256235373033082 0.3711448963182864 0.09343067915188918
+0.5000430672973524 +0 +0 -0.5000430672973524 +0 
404* 0 -0.3154961568279427 0 -0.0003533732059933969 -0.03716612961207639
+0.5 +0.06965971745839709 -0.5 -1.500653631853779 -2.789361949649531 
405 0.0293257321965375 0.03053455517606654 -0.1426879072855721 0.03053455517606654 0.0293257321965375
+1.51471131999393 +0.5 +0 -0.5 -1.51471131999393 
406 0.2029790778922467 0.2063326802885316 -1.110478315272522 0.2063326802885316 0.2029790778922467
+0.4999999999406987 +1.506500202138511 +0 -1.506500202138511 -0.4999999999406987 
407 0.2604874481983801 0.1548511671808499 -0.9972901687849517 0.1548511671808499 0.1546521545238389
+0 +0.999338623327156 +0 -0.999338623327156 +0 
408 0.06561549013464695 0.06425816276033732 -0.3118522550797538 0.06425816276033732 0.06561549013464695
+0.4999999999999997 +1.512672106406095 +0 -1.512672106406095 -0.4999999999999997 
409 0.2538307636156439 0.06141166596598809 -0.4864356399082925 0.06141166596598809 0.06096993796923603
+0 +1.000199819196902 +0 -1.000199819196902 +0 
410 0.1145933352272848 0.1147082055039358 -0.5616649021470227 0.1145933352272848 0.1147082055039358
+0.4999999999998619 +1.510040589566165 +0 -0.4999999999998619 -1.510040589566165 
411 0.06840909884528713 -0.08519534552697604 -0.08626747311042536 0.2393403285955766 -0.08519534552697604
+0 +1.000011429321255 +0 +0 -1.000011429321255 
412 0.1018032930495077 -0.002381045718184924 -0.4175706961462363 0.1018032930495077 0.1753584140912396
+0.4999999999775618 +0 +0 -0.4999999999775618 +0 
413 0.06641506366939187 -0.2849984517535856 -0.6578919965827166 -0.6578919965827166 0.241913784969017
+0 +0 +0.505940153800309 -0.505940153800309 +0 
414 0.06686804949688009 -0.4300048252052852 -0.7220459867254132 -0.4300048252052852 0.2435179347361854
+0 +0.5001673461243875 +0 -0.5001673461243875 +0 
415 0.1953922315404279 0.002689440509912907 -0.8975722026220727 0.1772126410369455 0.1953922315404279
+0.4999999676835262 +0 +0 +0 -0.4999999676835262 
416 0.6370250346895426 0.6543990655024344 0.6543990655024344 0.6370250346895426 0.270970570576255
+0.5001158230572641 +1.452532881161182 -1.452532881161182 -0.5001158230572641 +0 
417 0.3920118482421112 -0.8907243929525646 -0.8907243929525646 0.3920118482421112 0.192075099238341
+0.4999711556111866 +0.5200201200900453 -0.5200201200900453 -0.4999711556111866 +0 
418 0.06165743617138426 -0.7186073903518675 -0.7186073903518675 0.2362891734744636 -0.09840804282753364
+0 +0.5092645390182816 -0.5092645390182816 +0 +0 
419 0.105439037844508 -0.7392427999869742 -0.7529435168784057 0.281422546223182 -0.7392427999869742
+0 +0.9884859827166534 +0 +0 -0.9884859827166534 
420 0.2850271203373644 -0.3659001858844105 0.2850271203373644 -0.3659001858844105 0.1739842883349601
+0.4999982926332257 +0.4999810282053157 -0.4999982926332257 -0.4999810282053157 +0 
421 -0.5943874038915731 -0.4946273422636083 -0.5861923489774729 -0.5943874038915731 -0.5861923489774729
+1.450381900112319 +0 -0.5000662700962051 -1.450381900112319 +0.5000662700962051 
422 0.03994671670197033 -0.73950182860404 -0.73950182860404 -0.09073358478350084 0.03994671670197033
+0.5000000000000001 +0.510329162026507 -0.510329162026507 +0 -0.5000000000000001 
423 0.1133943245431094 -0.4994599252551937 -0.4994599252551937 0.1133943245431094 -0.7107379487037384
+0.5000000000253527 +0.5006017498633845 -0.5006017498633845 -0.5000000000253527 +0 
424 0.08425736488697339 -0.2838722907075044 -0.6950683307616169 -0.6950683307616169 0.08425736488697339
+0.5000000000008354 +0 +0.5076956493946472 -0.5076956493946472 -0.5000000000008354 
425 0.0424841299226424 -0.325617493533697 -0.1216236491331785 0.2168005944528019 -0.7569425895467601
+0 +0 +0 +0 +0 
426 0.2985053862354563 -0.3730318643796889 0.2985053862354563 -0.8535286290995934 0.1794511177956562
+0.4999974042430045 +0 -0.4999974042430045 +0 +0 
427 0.1770387581847759 -0.4132037623909085 0.1730590381457103 0.1770387581847759 -0.1776548747609259
+0.4999999876178751 +0 +0 -0.4999999876178751 +0 
428 0.2528790901887898 -0.8829647897739422 -0.1645299410013215 0.2528790901887898 0.1770717171939547
+0.4999994925533694 +0 +0 -0.4999994925533694 +0 
429* 0 0 0 0 0
+0.5 -4.603388875425663 -2.534001444353169 -1.500012548366818 -0.5 
430 -0.1106035056908121 -0.6906178011478054 -0.6726597382738043 -0.6726597382738043 -0.6906178011478054
+0 +1.455395246671962 +0.5001482911852667 -0.5001482911852667 -1.455395246671962 
431 -0.1678717017563718 -0.3401263390930771 -0.3439505952175449 -0.8137421078503416 -0.3401263390930771
+0 +0.9985593134895699 +0 +0 -0.9985593134895699 
432 -0.1807143186318304 -0.4918142136958995 -0.4447635064486389 -0.4918142136958995 -0.4447635064486389
+0 +0.9614711323790809 +0.01877019940237695 -0.9614711323790809 -0.01877019940237695 
433 -0.06425816276033732 -0.06561549013464695 -0.06561549013464695 0.3118522550797538 -0.06425816276033732
+1.512672106406095 +0.4999999999999997 -0.4999999999999997 +0 -1.512672106406095 
434 0 0 0 0.2490455979532345 -0.2490455979532345
+1.000748379054239 +0 -1.000748379054239 +0 +0 
435 -0.8131148344713882 -0.7354430231702396 -0.7354430231702396 -0.7351709520147866 -0.8131148344713882
+1.932076235897157 +0.9998015413453377 -0.9998015413453377 +0 -1.932076235897157 
436 -0.4628236928206573 -0.4631287410066476 -0.4631287410066476 -0.9534380203164852 -0.4628236928206573
+1.476679205516961 +0.5000024591291198 -0.5000024591291198 +0 -1.476679205516961 
437 -0.6543990655024344 -0.6370250346895426 -0.6370250346895426 -0.6543990655024344 -0.270970570576255
+1.452532881161182 +0.5001158230572641 -0.5001158230572641 -1.452532881161182 +0 
438 -0.7183123354479778 -0.7017231601131417 -0.7017231601131417 -0.7183123354479778 0.02909430152073478
+1.456903992210589 +0.500177690998887 -0.500177690998887 -1.456903992210589 +0 
439 -0.7718466451014152 -0.7603055275060766 -0.7603055275060766 -0.7718466451014152 0.3489823616343609
+1.457947396612815 +0.5002557870652283 -0.5002557870652283 -1.457947396612815 +0 
440 -0.3828137606047485 -0.3859626628739581 -0.8244061058708199 -0.01466383340389715 -0.3828137606047485
+1.000286580883824 +0 +0 +0 -1.000286580883824 
441 -0.4554563465831306 -0.4581887809206404 -0.4554563465831306 0.3056841878398044 -0.8407374056077548
+1.002592821204658 +0 -1.002592821204658 +0 +0 
442 -0.2797645964364989 -0.3689005694575611 -0.799793505682453 -0.2797645964364989 -0.2781339561077509
+1.004074502942906 +0 +0 -1.004074502942906 +0 
443 -0.5364614018584818 -0.5291895019891065 -0.4128693960592134 -0.5364614018584818 -0.02214607808682813
+0.9704288211211941 +0 +0 -0.9704288211211941 +0 
444 -0.1317906526168394 -0.8227721668244648 -0.1318812587586996 -0.1317906526168394 -0.8227721668244648
+0.9999785038763308 +0.5125352509772757 +0 -0.9999785038763308 -0.5125352509772757 
445 -0.1237704863931002 -0.6427305421536816 -0.6467943461888618 -0.6427305421536816 -0.1237704863931002
+0.4999999999574245 +0.9898930410204569 +0 -0.9898930410204569 -0.4999999999574245 
446 -0.1874883126091299 -0.6053700652100698 -0.6096562216658741 -0.6053700652100698 -0.02615823506527489
+0 +0.9833650418666118 +0 -0.9833650418666118 +0 
447 -0.1975923288680664 -0.6708437094532901 -0.6807752277875359 -0.6708437094532901 0.2940309111615243
+0 +0.9853351612394684 +0 -0.9853351612394684 +0 
448 -0.04495064324839775 -0.08534596201391102 -0.04198313225481101 0.2448728198163983 -0.04495064324839775
+1.003056055694827 +0 +0 +0 -1.003056055694827 
449 -0.06219517833815958 -0.7751126445305892 -0.7751126445305892 0.2539278054526197 -0.06219517833815958
+0.500000000000025 +0.5126185482433168 -0.5126185482433168 +0 -0.500000000000025 
450 -0.2981463972610419 -0.2692684336148526 -0.2692684336148526 0.2495650883819583 -0.7315197540496946
+0 +0.5000014519656333 -0.5000014519656333 +0 +0 
451 -0.3033510063128488 -0.1241274386515821 -0.1241274386515821 -0.09699559793151089 -0.7329842833419026
+0 +0.5000000002137186 -0.5000000002137186 +0 +0 
452 -0.6060845741553489 -0.6126373021085915 0.2994556471684222 -0.6060845741553489 -0.4142943172228658
+0.9765167055099747 +0 +0 -0.9765167055099747 +0 
453 -0.7087092390202296 -0.7206136982484038 0.2880763550635381 -0.7087092390202296 -0.04122364751127917
+0.9873041997885558 +0 +0 -0.9873041997885558 +0 
454 -0.2812994019106206 -0.6145603012629968 0.2479028248035828 -0.6145603012629968 -0.08961174870249374
+0 +0.5040786683437349 +0 -0.5040786683437349 +0 
455 -0.3711448963182864 -0.7256235373033082 -0.3711448963182864 0.2480175495639686 -0.09343067915188918
+0.5000430672973524 +0 -0.5000430672973524 +0 +0 
456 4.033606120494794e-006 0.8829344176263086 -0.4357779076048954 -0.01567771764195493 4.033606120494794e-006
-0.5000171133641308 +3.745851718741385e-006 +2.514540854685563e-006 +2.079058084160427e-006 +0.4999828866358692 