1* 0 0 0.1518066909319228
-0.5 +0.5 +0 
2 0.4031948080465447 -0.8138087664957084 -0.8138087664957084
+0 +0.4939253287313766 -0.4939253287313766 
3 -0.1544087600908072 0 0.1544087600908072
+0 +0 +0 
4 0.1325574528759092 -0.01987686273947846 0.3176542667271298
+0 +0 +0 
5 0.2909211023430128 -0.03604674483733678 0.5737844790091602
+0 +0 +0 
6 -0.7065890840122544 -0.2323732310808624 -0.7065890840122544
-0.496833215075027 +0 +0.496833215075027 
7 -0.107491429444831 -0.5618478254637043 -0.2832736504246207
+0 +0 +0 
8 1.462861851605931 -0.5397559843705059 -1.298485438265127
+0 +0 +0 
9 -0.0812773518695548 -1.167515076943361 -0.4820115242025029
+0 +0 +0 
10 0 0 0
+0 +1.000011291992233 -1.000011291992233 
11 0.0445553215324853 -1.270250941653193 -0.1024347822276261
+0 +0 +0 
12 0.08971851342344986 0.2561676242522022 1.219102327280983
+0 +0 +0 
13 0.8571382480926194 0.8567246343854809 0.8567246343854809
+0 -1.007660285292203 +1.007660285292203 
14 0.5843800690586263 0.1862516745506653 0.1862516745506653
+0 +0.5000000034483874 -0.5000000034483874 
15 0.6874637897843 -1.308051555822171 -0.2874017898039735
+0 +0 +0 
16 -0.1861201050984523 1.311827881287337 -0.03249555441334123
+0 +0 +0 
17 -0.3516936128362384 -0.3516936128362384 0.03827169212800728
-0.5000043473471327 +0.5000043473471327 +0 
18 1.351868014727563 -0.3616727276383943 -0.1704352346842538
+0 +0 +0 
19 1.474805324841299 1.474805324841299 -1.542494303035647
-0.5911131888919489 +0.5911131888919489 +0 
20 -0.743196716925801 -0.743196716925801 -0.07546572421121116
+0.4959152343761041 -0.4959152343761041 +0 
21 -0.4270690715089716 1.390378522124467 1.390378522124467
+0 +0.583099352907743 -0.583099352907743 
22 0.1581886077768389 -1.378189899169261 0.6516906781337305
+0 +0 +0 
23 -0.1463777796482105 -0.3341449486771438 0.3510421751176647
+0 +0 +0 
24 0.5 1.207106781186548 -0.2071067811865475
+0 +0 +0 
25 -0.4353221409373837 0.676385717215082 -0.4353221409373837
-0.5000250382117931 +0 +0.5000250382117931 
26 0.3152958875031403 0.1108463976111632 0.3152958875031403
+0.5000015317891398 +0 -0.5000015317891398 
27 0.0812773518695548 0.4820115242025029 1.167515076943361
+0 +0 +0 
28 -0.1248188342072338 0.6763206852174402 -1.33787968710514
+0 +0 +0 
29 0.7065890840122544 0.7065890840122544 0.2323732310808624
+0.496833215075027 -0.496833215075027 +0 
30 0 -0.6413867409868347 0.6413867409868347
+0 +0 +0 
31 0.6268964050542532 0.4664578385479939 0.6268964050542532
-0.4985404079472129 +0 +0.4985404079472129 
32* 0 0 0
+0.5 -0.5 +1.501477510052807 
33 1.397394675727142 -0.332202905323684 -0.6333837189090475
+0 +0 +0 
34 -0.6283444525437474 -0.1439204666612492 0.6527264960851188
+0 +0 +0 
35 1.423618803603171 -0.138778087235478 -1.383913544385302
+0 +0 +0 
36* -0.620401795968055 0 0
+0 -0.5 +0.5 
37* 0 0 0
+0.5 -1.501477510052807 -0.5 
38** 0 0 0
-0.5 +0 +0.5 
39 -0.3176542667271298 -0.1325574528759092 0.01987686273947846
+0 +0 +0 
40 -1.227483959152034 -0.509520199350553 0.3959741939943114
+0 +0 +0 
41 1.120846069540421 0.7212562907201406 1.120846069540421
-0.5628616634374349 +0 +0.5628616634374349 
42 0.1954030113425135 1.295282222381655 1.295282222381655
+0 -0.5767168417369839 +0.5767168417369839 
43 -0.3803474303832578 -1.250988613184529 -1.250988613184529
+0 +0.5740745219606771 -0.5740745219606771 
44 0.1390752247333761 0.3255880405193515 -0.1684157337826631
+0 +0 +0 
45 1.270250941653193 0.1024347822276261 -0.0445553215324853
+0 +0 +0 
46 0.3063079611839805 -0.3700838210822063 0.596201065848492
+0 +0 +0 
47 0.04276585309623744 -0.1571584129301735 0.04276585309623744
-0.4999999999999999 +0 +0.4999999999999999 
48 -0.5 0.2071067811865475 -1.207106781186548
+0 +0 +0 
49 -1.397394675727142 0.6333837189090475 0.332202905323684
+0 +0 +0 
50 -0.1581886077768389 -0.6516906781337305 1.378189899169261
+0 +0 +0 
51 -0.007334095801957397 -0.1617916308569937 0.3343554464518462
+0 +0 +0 
52 -0.3787001189269242 0.1156027014488555 1.310877579843755
+0 +0 +0 
53 -0.03827169212800728 0.3516936128362384 0.3516936128362384
+0 +0.5000043473471327 -0.5000043473471327 
54 0.109368467748657 0.109368467748657 1.286309799044658
-0.5000000000040663 +0.5000000000040663 +0 
55 -1.366862772923233 0.2337642535671078 -1.366862772923233
-0.5813251038919983 +0 +0.5813251038919983 
56 -0.3343554464518462 0.007334095801957397 0.1617916308569937
+0 +0 +0 
57 0.4784440325065713 0.4784440325065713 -1.41773539600787
+0.5000514758156754 -0.5000514758156754 +0 
58 -0.1108463976111632 -0.3152958875031403 -0.3152958875031403
+0 -0.5000015317891398 +0.5000015317891398 
59 -1.32325761572401 -0.05067952623985512 -1.32325761572401
-0.5784142315043315 +0 +0.5784142315043315 
60 0.8425246045571643 0.8425246045571643 -0.7097279649732652
+0.4929521363413176 -0.4929521363413176 +0 
61 1.366862772923233 1.366862772923233 -0.2337642535671078
+0.5813251038919983 -0.5813251038919983 +0 
62 -1.286309799044658 -0.109368467748657 -0.109368467748657
+0 +0.5000000000040663 -0.5000000000040663 
63 0.1439204666612492 0.6283444525437474 -0.6527264960851188
+0 +0 +0 
64 -0.2132460525676453 0.7908064394512442 0.7908064394512442
+0 +0.4946201033325888 -0.4946201033325888 
65 1.42149437491837 -0.7434864947544378 1.42149437491837
+0.5857281641835669 +0 -0.5857281641835669 
66 0.3356560368583815 -1.230647731089539e-008 -1.230647731089539e-008
-1.241414994373718e-009 -0.4999999910414609 +0.500000008958539 
67 -0.3063079611839805 0.3700838210822063 -0.596201065848492
+0 +0 +0 
68* 1.316748297666503 0 0
+0 +0.5 -0.5 
69 -0.4015943654419092 -0.4015943654419092 -0.4017368525146275
-1.000039160426167 +1.000039160426167 +0 
70 1.250988613184529 1.250988613184529 0.3803474303832578
-0.5740745219606771 +0.5740745219606771 +0 
71 1.477491186450786 -0.8886496672118546 -0.8886496672118546
+0 +0.491017548929264 -0.491017548929264 
72 -0.3538178862324946 -0.009808890235589755 0.6265289503916782
+0 +0 +0 
73 1.389953638156062 1.46742547588672 1.389953638156062
+1.069924193039016 +0 -1.069924193039016 
74 0.3021403838615892 -1.441793106197187 1.353867144791789
+0 +0 +0 
75 0.009808890235589755 -0.6265289503916782 0.3538178862324946
+0 +0 +0 
76 -0.259933204776077 -0.259933204776077 -0.2936924026679537
-0.5000001924054766 +0.5000001924054766 +0 
77* 0 -0.1518066909319228 0
-0.5 +0 +0.5 
78 -0.3356560313911703 -2.714707065834672e-008 -2.714707065834672e-008
+4.873296393781117e-010 -0.5000000035167626 +0.4999999964832375 
79 0.3787001189269242 -1.310877579843755 -0.1156027014488555
+0 +0 +0 
80 -1.42149437491837 -1.42149437491837 0.7434864947544378
-0.5857281641835669 +0.5857281641835669 +0 
81 -0.6017412378484867 0.1778070564566942 -0.1274487756330871
+0 +0 +0 
82 -0.01524212814083104 -0.6649810028355208 1.35943825810905
+0 +0 +0 
83 -0.6763206852174402 1.33787968710514 0.1248188342072338
+0 +0 +0 
84 0.4015943654419092 0.4017368525146275 0.4015943654419092
+1.000039160426167 +0 -1.000039160426167 
85 1.41773539600787 -0.4784440325065713 -0.4784440325065713
+0 -0.5000514758156754 +0.5000514758156754 
86 1.542494303035647 -1.474805324841299 -1.474805324841299
+0 -0.5911131888919489 +0.5911131888919489 
87 -0.06427647947950674 0.7686579308414123 0.7686579308414123
+0 -0.4952407217266444 +0.4952407217266444 
88 0.1925640483990865 -0.1085652768466151 -1.289917587767415
+0 +0 +0 
89 -0.02515880602474519 -0.3707087171785127 1.332660126911344
+0 +0 +0 
90 -0.7000998222302562 1.253868551558428 0.5215156605564675
+0 +0 +0 
91 -0.3796978618503655 0.1898600880241058 -0.3796978618503655
-0.5000084725814264 +0 +0.5000084725814264 
92* 0 0.620401795968055 0
-0.5 +0 +0.5 
93 -0.8567246343854809 -0.8567246343854809 -0.8571382480926194
-1.007660285292203 +1.007660285292203 +0 
94 0.05067952623985512 1.32325761572401 1.32325761572401
+0 +0.5784142315043315 -0.5784142315043315 
95 0.427236566389942 0.427236566389942 1.170473924122086
-0.4999747185143644 +0.4999747185143644 +0 
96 -0.3867370254286291 0.2776305260022523 1.281066802529149
+0 +0 +0 
97 -1.188199863980824 0.0584894876104789 -0.4912399108210291
+0 +0 +0 
98 -1.170473924122086 -0.427236566389942 -0.427236566389942
+0 +0.4999747185143644 -0.4999747185143644 
99 0.4353221409373837 0.4353221409373837 -0.676385717215082
-0.5000250382117931 +0.5000250382117931 +0 
100 -0.1725757941688397 1.358332521211854 -0.1725757941688397
+0.4999999992212323 +0 -0.4999999992212323 
101 0.3867370254286291 -1.281066802529149 -0.2776305260022523
+0 +0 +0 
102 0.08501514821659775 -1.34564339767531 -1.34564339767531
+0 -0.5798560352117117 +0.5798560352117117 
103 0 -1.405328730450157 1.405328730450157
+0 +0 +0 
104 -0.3779769744458268 0.405770027648133 0.405770027648133
+0 -0.5000145318494143 +0.5000145318494143 
105 -0.2982559748798237 0.1847541524885523 -0.5846620783403372
+0 +0 +0 
106 -0.08501514821659775 1.34564339767531 1.34564339767531
+0 +0.5798560352117117 -0.5798560352117117 
107 0.3779769744458268 -0.405770027648133 -0.405770027648133
+0 -0.5000145318494143 +0.5000145318494143 
108 -1.46742547588672 -1.389953638156062 -1.389953638156062
+0 +1.069924193039016 -1.069924193039016 
109 0.2874017898039735 -0.6874637897843 1.308051555822171
+0 +0 +0 
110 0.1274487756330871 -0.1778070564566942 0.6017412378484867
+0 +0 +0 
111 -0.5737844790091602 0.03604674483733678 -0.2909211023430128
+0 +0 +0 
112 0.5397559843705059 1.298485438265127 -1.462861851605931
+0 +0 +0 
113 -0.6268964050542532 -0.6268964050542532 -0.4664578385479939
-0.4985404079472129 +0.4985404079472129 +0 
114 -1.358332521211854 0.1725757941688397 0.1725757941688397
+0 +0.4999999992212323 -0.4999999992212323 
115 -1.477491186450786 0.8886496672118546 0.8886496672118546
+0 +0.491017548929264 -0.491017548929264 
116 0.01524212814083104 -1.35943825810905 0.6649810028355208
+0 +0 +0 
117 -0.1390752247333761 -0.3255880405193515 0.1684157337826631
+0 +0 +0 
118 0.07546572421121116 0.743196716925801 0.743196716925801
+0 -0.4959152343761041 +0.4959152343761041 
119 -0.3449421497788826 -0.1558396455792074 0.6379569996744078
+0 +0 +0 
120 -0.1712928232820746 0.6146003005881925 -0.0171078515702844
+0 +0 +0 
121 -0.3510421751176647 0.1463777796482105 0.3341449486771438
+0 +0 +0 
122 0.3464084307764811 -0.08247625513898413 -0.08247625513898413
+0 +0.4999999999997747 -0.4999999999997747 
123 0.138778087235478 -1.423618803603171 1.383913544385302
+0 +0 +0 
124 -1.14029358046234 -0.4708150162722775 -0.2374023633392286
+0 +0 +0 
125 -1.390378522124467 -1.390378522124467 0.4270690715089716
+0.583099352907743 -0.583099352907743 +0 
126 -1.260165827203479 -0.2699924357623427 0.1992423464707388
+0 +0 +0 
127 -0.6641894231367727 0.6106601523316622 0.3165488028469943
+0 +0 +0 
128 0.2832736504246207 0.107491429444831 0.5618478254637043
+0 +0 +0 
129 0.2936924026679537 0.259933204776077 0.259933204776077
+0 -0.5000001924054766 +0.5000001924054766 
130 1.188199863980824 0.4912399108210291 -0.0584894876104789
+0 +0 +0 
131 -1.353867144791789 1.441793106197187 -0.3021403838615892
+0 +0 +0 
132 1.227483959152034 0.509520199350553 -0.3959741939943114
+0 +0 +0 
133 -0.1992423464707388 1.260165827203479 0.2699924357623427
+0 +0 +0 
134 -0.04276585309623744 0.1571584129301735 -0.04276585309623744
+0.4999999999999999 +0 -0.4999999999999999 
135 0.3449421497788826 0.1558396455792074 -0.6379569996744078
+0 +0 +0 
136 -1.332660126911344 0.3707087171785127 0.02515880602474519
+0 +0 +0 
137 0.1861201050984523 -1.311827881287337 0.03249555441334123
+0 +0 +0 
138 -0.1222317464474792 -0.1222317464474792 0.6392528674597678
-0.4999999999812092 +0.4999999999812092 +0 
139 0.08247625513898413 -0.3464084307764811 0.08247625513898413
-0.4999999999997747 +0 +0.4999999999997747 
140 0.2132460525676453 -0.7908064394512442 -0.7908064394512442
+0 -0.4946201033325888 +0.4946201033325888 
141 -0.5215156605564675 0.7000998222302562 -1.253868551558428
+0 +0 +0 
142 0.7097279649732652 -0.8425246045571643 -0.8425246045571643
+0 +0.4929521363413176 -0.4929521363413176 
143 0.1346045168909145 -0.3618140375017793 0.6135682581754502
+0 +0 +0 
144 0.2374023633392286 0.4708150162722775 1.14029358046234
+0 +0 +0 
145 0.3429759533183176 -0.3429759533183176 0
+0 +0 +0 
146 0.3796978618503655 0.3796978618503655 -0.1898600880241058
-0.5000084725814264 +0.5000084725814264 +0 
147 0.0171078515702844 0.1712928232820746 -0.6146003005881925
+0 +0 +0 
148 -0.5843800690586263 -0.1862516745506653 -0.1862516745506653
+0 +0.5000000034483874 -0.5000000034483874 
149 -0.7686579308414123 0.06427647947950674 -0.7686579308414123
+0.4952407217266444 +0 -0.4952407217266444 
150 -0.3165488028469943 -0.6106601523316622 0.6641894231367727
+0 +0 +0 
151 0.2982559748798237 0.5846620783403372 -0.1847541524885523
+0 +0 +0 
152 0.02937994913902702 -0.5905187594564073 -0.1211276820534424
+0 +0 +0 
153 0.3616727276383943 -1.351868014727563 0.1704352346842538
+0 +0 +0 
154 -0.2631400672954054 -1.240648576216097 0.05084780375578608
+0 +0 +0 
155 -0.1346045168909145 -0.6135682581754502 0.3618140375017793
+0 +0 +0 
156 -0.2561676242522022 -1.219102327280983 -0.08971851342344986
+0 +0 +0 
157 -1.295282222381655 -1.295282222381655 -0.1954030113425135
-0.5767168417369839 +0.5767168417369839 +0 
158 0.1222317464474792 -0.6392528674597678 0.1222317464474792
+0.4999999999812092 +0 -0.4999999999812092 
159 0.1211276820534424 0.5905187594564073 -0.02937994913902702
+0 +0 +0 
160 1.289917587767415 0.1085652768466151 -0.1925640483990865
+0 +0 +0 
161 1.240648576216097 0.2631400672954054 -0.05084780375578608
+0 +0 +0 
162 -1.120846069540421 -0.7212562907201406 -1.120846069540421
-0.5628616634374349 +0 +0.5628616634374349 
163 0.8138087664957084 0.8138087664957084 -0.4031948080465447
-0.4939253287313766 +0.4939253287313766 +0 